1000
399634 0
702050 0
550842 774587
248426 774587
629886 0
881240 0
755563 786793
504209 786793
194029 0
765785 0
479907 67934
-91849 67934
633882 0
728172 0
681027 675873
586737 675873
51164 0
891353 0
471258 587670
-368930 587670
23396 0
776077 0
399736 615335
-352944 615335
825464 0
926093 0
875778 852607
775150 852607
142628 0
549902 0
346265 66882
-61009 66882
152124 0
270337 0
211230 420242
93018 420242
724054 0
872777 0
798415 375467
649693 375467
253079 0
426104 0
339591 775101
166567 775101
544019 0
572342 0
558180 172694
529858 172694
330812 0
338128 0
334470 883075
327154 883075
398747 0
582652 0
490699 33310
306795 33310
590972 0
633816 0
612394 441015
569550 441015
173565 0
178643 0
176104 217092
171026 217092
310330 0
616010 0
463170 558908
157490 558908
165912 0
679289 0
422600 217888
-90776 217888
746171 0
834388 0
790279 488225
702063 488225
223517 0
682766 0
453141 212280
-6107 212280
58233 0
992948 0
525590 154736
-409124 154736
536967 0
833334 0
685150 243431
388784 243431
384132 0
522380 0
453256 97911
315008 97911
299231 0
921808 0
610519 680563
-12057 680563
890203 0
955118 0
922660 314379
857746 314379
585198 0
912485 0
748841 4296
421555 4296
129577 0
895529 0
512553 620306
-253399 620306
204837 0
574818 0
389827 302570
19847 302570
320990 0
422725 0
371857 136958
270123 136958
3756 0
427303 0
215529 360475
-208017 360475
61989 0
155935 0
108962 869776
15016 869776
411675 0
827023 0
619349 406743
204001 406743
70454 0
450408 0
260431 790875
-119523 790875
168365 0
372216 0
270290 606458
66440 606458
843686 0
848928 0
846307 496662
841065 496662
679660 0
756171 0
717915 81860
641405 81860
200308 0
885748 0
543028 493741
-142412 493741
606937 0
820615 0
713776 68560
500098 68560
123185 0
546014 0
334599 905902
-88229 905902
776496 0
973317 0
874906 909658
678086 909658
645604 0
653323 0
649463 487999
641745 487999
472628 0
523099 0
497863 899674
447393 899674
543082 0
929843 0
736462 866434
349702 866434
227800 0
237070 0
232435 238650
223165 238650
593080 0
843529 0
718304 82336
467856 82336
789092 0
856543 0
822817 838507
755367 838507
454755 0
989401 0
722078 240607
187432 240607
810016 0
948497 0
879256 363896
740776 363896
449553 0
533409 0
491481 909911
407625 909911
226049 0
439311 0
332680 399580
119418 399580
865321 0
879373 0
872347 561537
858295 561537
353320 0
918824 0
636072 34165
70568 34165
769346 0
848667 0
809006 93599
729686 93599
602090 0
635781 0
618935 837751
585245 837751
390783 0
961971 0
676377 430832
105189 430832
334866 0
473120 0
403993 219924
265739 219924
789621 0
827979 0
808800 209325
770442 209325
254470 0
584939 0
419704 535693
89236 535693
465187 0
787879 0
626533 985247
303841 985247
375098 0
743542 0
559320 727648
190876 727648
291031 0
608863 0
449947 607021
132115 607021
478535 0
852568 0
665551 525846
291519 525846
247882 0
403085 0
325483 890865
170281 890865
400015 0
496684 0
448349 9307
351681 9307
334436 0
790798 0
562617 487630
106255 487630
765268 0
780270 0
772769 822496
757767 822496
124602 0
501544 0
313073 128470
-63869 128470
225893 0
227222 0
226557 899292
225229 899292
691080 0
762915 0
726997 203524
655163 203524
66179 0
264514 0
165346 947066
-32988 947066
873562 0
992163 0
932862 72282
814262 72282
599184 0
726130 0
662657 550817
535711 550817
129215 0
641382 0
385298 315051
-126868 315051
48600 0
142251 0
95425 715066
1775 715066
57907 0
476687 0
267297 22217
-151483 22217
61890 0
758307 0
410098 318839
-286318 318839
400738 0
776204 0
588471 443441
213005 443441
3426 0
529208 0
266317 669334
-259465 669334
282693 0
428501 0
355597 360415
209789 360415
547208 0
632025 0
589616 942946
504800 942946
95443 0
539371 0
317407 816508
-126521 816508
167725 0
654907 0
411316 58990
-75866 58990
234895 0
296290 0
265592 704557
204198 704557
66298 0
861242 0
463770 846808
-331174 846808
297717 0
435501 0
366609 839848
228825 839848
319934 0
497391 0
408662 114507
231206 114507
638773 0
898130 0
768451 890711
509095 890711
427338 0
598567 0
512952 410489
341724 410489
267901 0
372191 0
320046 693183
215756 693183
144668 0
520568 0
332618 240391
-43282 240391
87614 0
132364 0
109989 296114
65239 296114
420474 0
816441 0
618457 951021
222491 951021
51336 0
479464 0
265400 763663
-162728 763663
633987 0
700373 0
667180 624905
600794 624905
547182 0
931704 0
739443 60407
354921 60407
251638 0
387030 0
319334 557798
183942 557798
17889 0
406763 0
212326 972280
-176548 972280
5330 0
908601 0
456965 915971
-446305 915971
789584 0
835442 0
812513 804514
766655 804514
528625 0
934252 0
731438 325083
325812 325083
285368 0
538219 0
411793 457447
158943 457447
581482 0
958693 0
770087 790240
392877 790240
48856 0
954510 0
501683 357929
-403971 357929
654883 0
812519 0
733701 991916
576065 991916
718417 0
953777 0
836097 923620
600737 923620
14184 0
105447 0
59815 691610
-31447 691610
88334 0
639689 0
364011 98373
-187343 98373
60615 0
64642 0
62628 620056
58602 620056
492938 0
900084 0
696511 409640
289365 409640
297452 0
428710 0
363081 343892
231823 343892
230430 0
622535 0
426482 882111
34378 882111
596334 0
811913 0
704123 357157
488545 357157
860769 0
902927 0
881848 311667
839690 311667
189640 0
260856 0
225248 482902
154032 482902
143417 0
252772 0
198094 201320
88740 201320
673953 0
692744 0
683348 823119
664558 823119
384354 0
762288 0
573321 462808
195387 462808
339255 0
999079 0
669167 527450
9343 527450
619135 0
832193 0
725664 427535
512606 427535
28775 0
645997 0
337386 372597
-279836 372597
784885 0
889020 0
836952 603027
732818 603027
381219 0
771131 0
576175 931292
186263 931292
644640 0
800498 0
722569 308413
566711 308413
61354 0
956307 0
508830 498054
-386122 498054
439210 0
830478 0
634844 157823
243576 157823
523222 0
640530 0
581876 831777
464568 831777
463649 0
907576 0
685612 110417
241686 110417
442810 0
906656 0
674733 449672
210887 449672
42143 0
970260 0
506201 798217
-421915 798217
70919 0
397795 0
234357 444214
-92519 444214
286744 0
476291 0
381517 229099
191971 229099
763774 0
889772 0
826773 126671
700775 126671
337416 0
408415 0
372915 927169
301917 927169
645830 0
881074 0
763452 504876
528208 504876
320284 0
660236 0
490260 335354
150308 335354
477166 0
818059 0
647612 858577
306720 858577
166188 0
457168 0
311678 282505
20698 282505
276605 0
899978 0
588291 705513
-35081 705513
386590 0
726277 0
556433 747657
216747 747657
40846 0
784386 0
412616 334928
-330924 334928
1413 0
587482 0
294447 811219
-291621 811219
230512 0
477254 0
353883 91345
107141 91345
814671 0
873535 0
844103 499760
785239 499760
317057 0
976853 0
646955 380835
-12841 380835
637089 0
821933 0
729511 217471
544667 217471
673639 0
971500 0
822569 210990
524709 210990
137689 0
532216 0
334952 184510
-59574 184510
331074 0
414294 0
372684 84488
289464 84488
36587 0
656924 0
346755 987430
-273581 987430
697770 0
784244 0
741007 771816
654533 771816
635524 0
699183 0
667353 875651
603695 875651
446048 0
446743 0
446395 352905
445701 352905
538089 0
835935 0
687012 683928
389166 683928
152992 0
554201 0
353596 177133
-47612 177133
451388 0
491277 0
471332 814222
431444 814222
164917 0
668860 0
416888 302075
-87054 302075
213485 0
879850 0
546667 439764
-119697 439764
544559 0
580712 0
562635 370410
526483 370410
97499 0
665200 0
381349 27334
-186351 27334
398095 0
652630 0
525362 241457
270828 241457
33620 0
940799 0
487209 456992
-419969 456992
816450 0
996715 0
906582 419392
726318 419392
51156 0
685707 0
368431 255328
-266119 255328
605358 0
885988 0
745673 924672
465043 924672
56746 0
63121 0
59933 415950
53559 415950
241958 0
393696 0
317827 97219
166089 97219
212123 0
638160 0
425141 827056
-895 827056
168239 0
218872 0
193555 887968
142923 887968
400424 0
538649 0
469536 985467
331312 985467
53055 0
82336 0
67695 383562
38415 383562
323793 0
510206 0
416999 933534
230587 933534
297137 0
843008 0
570072 930250
24202 930250
45067 0
716530 0
380798 981406
-290664 981406
447407 0
971858 0
709632 103116
185182 103116
510529 0
896530 0
703529 159863
317529 159863
420577 0
828832 0
624704 401821
216450 401821
442403 0
632700 0
537551 39982
347255 39982
269460 0
800939 0
535199 775206
3721 775206
673780 0
855940 0
764860 175631
582700 175631
659247 0
938276 0
798761 228686
519733 228686
262069 0
559161 0
410615 255244
113523 255244
9048 0
75559 0
42303 614604
-24207 614604
792089 0
939298 0
865693 176023
718485 176023
763947 0
920704 0
842325 623431
685569 623431
176829 0
540173 0
358501 650312
-4843 650312
5662 0
700036 0
352849 70889
-341525 70889
618209 0
964417 0
791313 219941
445105 219941
174543 0
233877 0
204210 20880
144876 20880
907657 0
949750 0
928703 876820
886611 876820
83256 0
125381 0
104318 331449
62194 331449
158770 0
870419 0
514594 109870
-197054 109870
167818 0
642015 0
404916 185429
-69280 185429
107116 0
256619 0
181867 977518
32365 977518
432642 0
544172 0
488407 741465
376877 741465
84345 0
572425 0
328385 434647
-159695 434647
222737 0
300733 0
261735 956661
183739 956661
809978 0
918943 0
864460 921078
755496 921078
29919 0
93486 0
61702 154956
-1864 154956
559588 0
567151 0
563369 578965
555807 578965
684969 0
960324 0
822646 662222
547292 662222
291773 0
555388 0
423580 337344
159966 337344
197403 0
401643 0
299523 505162
95283 505162
587073 0
970374 0
778723 128630
395423 128630
564591 0
919369 0
741980 672802
387202 672802
491794 0
822409 0
657101 273500
326487 273500
714532 0
773408 0
743970 574233
685094 574233
524510 0
730069 0
627289 9528
421731 9528
70782 0
651147 0
360964 619367
-219400 619367
322455 0
637933 0
480194 178955
164716 178955
598257 0
901421 0
749839 380277
446675 380277
79995 0
890030 0
485012 935665
-325022 935665
291674 0
417339 0
354506 649421
228842 649421
395099 0
922501 0
658800 136147
131398 136147
51131 0
476042 0
263586 55516
-161324 55516
240285 0
814803 0
527544 63663
-46974 63663
30137 0
588211 0
309174 294547
-248900 294547
318280 0
604371 0
461325 335409
175235 335409
613899 0
969428 0
791663 406191
436135 406191
291883 0
749618 0
520750 44125
63016 44125
709656 0
928574 0
819115 642382
600197 642382
308851 0
789651 0
549251 48765
68451 48765
723342 0
760868 0
742105 856791
704579 856791
162195 0
926641 0
544418 251890
-220028 251890
62789 0
729678 0
396233 244284
-270655 244284
634657 0
969964 0
802310 59088
467004 59088
101 0
698320 0
349210 163651
-349008 163651
120824 0
992867 0
556845 481932
-315197 481932
251076 0
328277 0
289676 967712
212476 967712
694 0
734468 0
367581 775947
-366193 775947
294945 0
445620 0
370282 485604
219608 485604
270823 0
453680 0
362251 791607
179395 791607
31692 0
502445 0
267068 514950
-203684 514950
359236 0
474685 0
416960 193497
301512 193497
127478 0
537474 0
332476 923176
-77520 923176
172132 0
888114 0
530123 409492
-185859 409492
386804 0
947202 0
667003 409593
106605 409593
110854 0
379672 0
245263 46770
-23555 46770
109138 0
224301 0
166719 297846
51557 297846
76850 0
475121 0
275985 814892
-122285 814892
369149 0
770067 0
569608 260513
168690 260513
223747 0
371105 0
297426 47688
150068 47688
162713 0
726192 0
444452 79380
-119026 79380
194015 0
601780 0
397897 554066
-9867 554066
245610 0
903864 0
574737 607892
-83517 607892
650076 0
827040 0
738558 296376
561594 296376
113631 0
236532 0
175081 683181
52181 683181
162478 0
740837 0
451657 62853
-126701 62853
209248 0
849975 0
529611 803506
-111115 803506
23446 0
443177 0
233311 278627
-186419 278627
812326 0
838338 0
825332 48694
799320 48694
615203 0
699784 0
657493 272441
572913 272441
662892 0
862497 0
762694 514985
563090 514985
258624 0
572864 0
415744 633117
101504 633117
329042 0
476728 0
402885 395079
255199 395079
820121 0
936935 0
878528 45156
761714 45156
56653 0
233311 0
144982 158787
-31676 158787
219131 0
916492 0
567811 899624
-129549 899624
495697 0
944731 0
720214 265951
271180 265951
299203 0
968177 0
633690 709128
-35284 709128
94183 0
322868 0
208525 37806
-20159 37806
142877 0
454423 0
298650 737590
-12896 737590
117315 0
931671 0
524493 116439
-289863 116439
892292 0
963008 0
927650 205655
856934 205655
112478 0
221334 0
166906 198736
58050 198736
158269 0
507557 0
332913 18857
-16375 18857
69065 0
907933 0
488499 75510
-350369 75510
227852 0
824425 0
526138 810994
-70434 810994
643828 0
836475 0
740151 272077
547505 272077
652030 0
909779 0
780904 240255
523156 240255
618907 0
746213 0
682560 79475
555254 79475
173066 0
889091 0
531078 533898
-184946 533898
337114 0
910656 0
623885 167566
50343 167566
543448 0
816474 0
679961 59858
406935 59858
749103 0
928952 0
839027 281192
659179 281192
436510 0
947839 0
692174 955814
180846 955814
505575 0
966696 0
736135 863747
275015 863747
249780 0
558559 0
404169 688172
95391 688172
885905 0
893608 0
889756 40999
882054 40999
157982 0
803388 0
480685 693030
-164721 693030
914589 0
938647 0
926618 439243
902560 439243
111713 0
994064 0
552888 844686
-329462 844686
44315 0
538722 0
291518 181800
-202888 181800
82170 0
211881 0
147025 998275
17315 998275
788091 0
831273 0
809682 443579
766500 443579
69283 0
295465 0
182374 396441
-43808 396441
541449 0
778513 0
659981 902017
422917 902017
405196 0
853424 0
629310 668149
181082 668149
609721 0
739329 0
674525 561757
544917 561757
413664 0
650720 0
532192 881497
295136 881497
343750 0
844605 0
594177 336497
93323 336497
299346 0
838670 0
569008 448210
29684 448210
144032 0
399337 0
271684 986932
16380 986932
127570 0
842185 0
484877 585454
-229737 585454
356812 0
915661 0
636236 933080
77388 933080
800391 0
984944 0
892667 228545
708115 228545
196833 0
526394 0
361613 523410
32053 523410
447942 0
615202 0
531572 376835
364312 376835
57663 0
283351 0
170507 632516
-55181 632516
361460 0
708384 0
534922 562532
187998 562532
568486 0
759310 0
663898 407138
473074 407138
95807 0
867832 0
481819 762160
-290205 762160
11865 0
544017 0
277941 161497
-254211 161497
47302 0
370402 0
208852 289067
-114248 289067
149108 0
727214 0
438161 204728
-139945 204728
82188 0
527605 0
304896 706024
-140520 706024
240790 0
827085 0
533937 748770
-52357 748770
350496 0
855992 0
603244 196713
97748 196713
243683 0
655695 0
449689 770728
37677 770728
392551 0
533508 0
463029 479112
322073 479112
292818 0
955084 0
623951 47599
-38315 47599
362222 0
904977 0
633599 431783
90845 431783
640734 0
965346 0
803040 960000
478428 960000
529000 0
802231 0
665615 330402
392385 330402
607650 0
678109 0
642879 57616
572421 57616
760297 0
812378 0
786337 101574
734257 101574
34754 0
587383 0
311068 858716
-241560 858716
299877 0
454231 0
377054 231061
222700 231061
496590 0
697914 0
597252 886756
395928 886756
267318 0
606817 0
437067 936616
97569 936616
262783 0
561901 0
412342 229434
113224 229434
440475 0
826734 0
633604 650763
247346 650763
81209 0
258517 0
169863 616110
-7445 616110
734870 0
883440 0
809155 145110
660585 145110
7442 0
65272 0
36357 823219
-21473 823219
336172 0
639241 0
487706 583517
184638 583517
257167 0
370927 0
314047 687252
200287 687252
115883 0
670804 0
393343 141483
-161577 141483
346944 0
683746 0
515345 355749
178543 355749
467416 0
750053 0
608734 962566
326098 962566
686669 0
730199 0
708434 40820
664904 40820
73285 0
432456 0
252870 481295
-106300 481295
83219 0
848155 0
465687 562505
-299249 562505
583025 0
699329 0
641177 962297
524873 962297
648297 0
844440 0
746368 969740
550226 969740
184011 0
803890 0
493950 305912
-125928 305912
61057 0
767528 0
414292 193191
-292178 193191
693293 0
971132 0
832212 380347
554374 380347
40237 0
628967 0
334602 64093
-254128 64093
306642 0
984716 0
645679 47862
-32395 47862
463635 0
993312 0
728473 778061
198797 778061
425768 0
504455 0
465111 367699
386425 367699
25339 0
985750 0
505544 215854
-454866 215854
64607 0
724669 0
394638 798879
-265424 798879
26905 0
85461 0
56183 963528
-2373 963528
269472 0
512997 0
391234 767419
147710 767419
335261 0
553353 0
444307 828476
226215 828476
524485 0
528453 0
526469 521769
522501 521769
153453 0
425152 0
289302 78359
17604 78359
5598 0
654521 0
330059 385001
-318863 385001
53460 0
118156 0
85808 894665
21112 894665
347873 0
622611 0
485242 836785
210504 836785
124714 0
715572 0
420143 862125
-170715 862125
189321 0
931426 0
560373 586794
-181731 586794
246657 0
732578 0
489617 672255
3697 672255
210186 0
761927 0
486056 458079
-65684 458079
97189 0
977605 0
537397 11432
-343019 11432
141994 0
322433 0
232213 52270
51775 52270
567146 0
844203 0
705674 722075
428618 722075
438914 0
572744 0
505829 376596
371999 376596
142556 0
340267 0
241411 11105
43701 11105
234933 0
490430 0
362681 150068
107185 150068
71718 0
206002 0
138860 274782
4576 274782
653781 0
933843 0
793812 980456
513750 980456
36989 0
900438 0
468713 229386
-394735 229386
626976 0
709244 0
668110 991314
585842 991314
604581 0
683676 0
644128 88503
565034 88503
211460 0
927015 0
569237 230497
-146317 230497
287570 0
780082 0
533826 313995
41314 313995
242836 0
502157 0
372496 403092
113176 403092
395106 0
583103 0
489104 545648
301108 545648
406211 0
818036 0
612123 36078
200299 36078
72631 0
406107 0
239369 758433
-94107 758433
339950 0
863766 0
601858 412214
78042 412214
376940 0
844222 0
610581 829004
143299 829004
73608 0
602536 0
338072 455981
-190856 455981
64922 0
802564 0
433743 576914
-303899 576914
14025 0
669777 0
341901 20281
-313851 20281
416626 0
794107 0
605366 824203
227886 824203
730622 0
812617 0
771619 67039
689625 67039
207723 0
650066 0
428894 166495
-13448 166495
130286 0
195714 0
163000 500883
97572 500883
231793 0
719269 0
475531 906990
-11945 906990
506578 0
583035 0
544806 763293
468350 763293
427257 0
918792 0
673024 656585
181490 656585
17218 0
264148 0
140683 259121
-106247 259121
236481 0
598492 0
417486 61686
55476 61686
268270 0
329748 0
299009 592063
237531 592063
201248 0
350029 0
275638 902522
126858 902522
448222 0
690585 0
569403 715139
327041 715139
98288 0
757624 0
427956 439214
-231380 439214
294003 0
440471 0
367237 569500
220769 569500
42148 0
941355 0
491751 288770
-407455 288770
364697 0
548726 0
456711 388157
272683 388157
127990 0
983870 0
555930 331767
-299950 331767
248018 0
300927 0
274472 348985
221564 348985
852 0
560049 0
280450 463829
-278746 463829
138087 0
330600 0
234343 732099
41831 732099
246502 0
680629 0
463565 449700
29439 449700
149024 0
371214 0
260119 897922
37929 897922
380516 0
645191 0
512853 996211
248179 996211
602014 0
819730 0
710872 290214
493156 290214
59721 0
905583 0
482652 332362
-363210 332362
424419 0
710705 0
567562 397440
281276 397440
68761 0
98862 0
83811 381310
53711 381310
369689 0
430629 0
400159 145680
339219 145680
446090 0
779614 0
612852 146532
279328 146532
100529 0
243444 0
171986 477132
29072 477132
491895 0
863383 0
677639 674114
306151 674114
12407 0
941595 0
477001 561680
-452187 561680
392923 0
839518 0
616220 723223
169626 723223
352081 0
729006 0
540543 325238
163619 325238
634589 0
642295 0
638442 384959
630736 384959
345294 0
491009 0
418151 325730
272437 325730
444156 0
888449 0
666302 910844
222010 910844
269759 0
874786 0
572272 796885
-32754 796885
170752 0
415439 0
293095 759327
48409 759327
78324 0
930548 0
504436 859856
-347788 859856
555456 0
938796 0
747126 723239
363786 723239
396743 0
745922 0
571332 251998
222154 251998
307603 0
752613 0
530108 161274
85098 161274
104694 0
547178 0
325936 890280
-116548 890280
263341 0
872416 0
567878 41221
-41196 41221
754350 0
773728 0
764039 386515
744661 386515
99458 0
159151 0
129304 347023
69612 347023
526654 0
945262 0
735958 738161
317350 738161
323539 0
877054 0
600296 908914
46782 908914
82866 0
955378 0
519122 355814
-353390 355814
27186 0
459074 0
243130 294610
-188758 294610
289461 0
698665 0
494063 691354
84859 691354
113416 0
950664 0
532040 960319
-305208 960319
628290 0
660594 0
644442 65014
612138 65014
34922 0
533011 0
283966 328355
-214122 328355
76143 0
823091 0
449617 599058
-297331 599058
438901 0
979010 0
708955 274561
168847 274561
326033 0
965556 0
645794 219824
6272 219824
64195 0
805447 0
434821 613230
-306431 613230
489461 0
888314 0
688887 568608
290035 568608
361627 0
863740 0
612683 112146
110571 112146
172590 0
562406 0
367498 401607
-22318 401607
29422 0
380296 0
204859 515023
-146015 515023
340615 0
657712 0
499163 691970
182067 691970
405629 0
692634 0
549131 224981
262127 224981
250337 0
285129 0
267733 564424
232941 564424
264139 0
849395 0
556767 3325
-28489 3325
106524 0
640308 0
373416 968881
-160368 968881
687071 0
860132 0
773601 774329
600541 774329
473362 0
692884 0
583123 178995
363601 178995
54512 0
558322 0
306417 42735
-197393 42735
186821 0
227102 0
206961 605141
166681 605141
104780 0
607398 0
356089 634563
-146529 634563
136156 0
948013 0
542084 808627
-269772 808627
828126 0
869995 0
849060 17613
807192 17613
569459 0
636684 0
603071 302742
535847 302742
133883 0
486079 0
309981 83233
-42215 83233
126387 0
137208 0
131797 706110
120977 706110
502872 0
622442 0
562657 393181
443087 393181
492586 0
913123 0
702854 86066
282318 86066
567261 0
608470 0
587865 656930
546657 656930
651205 0
754082 0
702643 884032
599767 884032
375214 0
772699 0
573956 7782
176472 7782
511370 0
923614 0
717492 472147
305248 472147
732242 0
855848 0
794045 858494
670439 858494
425307 0
749855 0
587581 495178
263033 495178
559190 0
568950 0
564070 497609
554310 497609
168535 0
212751 0
190643 140349
146427 140349
351545 0
874645 0
613095 643221
89995 643221
264668 0
784179 0
524423 652159
4913 652159
386597 0
873138 0
629867 219420
143327 219420
40695 0
43527 0
42111 489854
39279 489854
443911 0
813394 0
628652 865069
259170 865069
253361 0
968045 0
610703 376439
-103981 376439
440192 0
985603 0
712897 232288
167487 232288
251810 0
815039 0
533424 173947
-29804 173947
310217 0
337112 0
323664 733138
296770 733138
22000 0
807827 0
414913 462241
-370913 462241
464528 0
896645 0
680586 813786
248470 813786
197176 0
624101 0
410638 594806
-16286 594806
276260 0
583773 0
430016 467944
122504 467944
143652 0
495681 0
319666 24991
-32362 24991
587563 0
985535 0
786549 838386
388577 838386
555608 0
850604 0
703106 608099
408110 608099
512153 0
743396 0
627774 593702
396532 593702
327192 0
492036 0
409614 361864
244770 361864
153761 0
665983 0
409872 698977
-102350 698977
477940 0
915473 0
696706 720977
259174 720977
377714 0
942468 0
660091 133974
95337 133974
566569 0
707852 0
637210 331151
495928 331151
302658 0
359182 0
330920 431276
274396 431276
286954 0
854863 0
570908 574929
3000 574929
356750 0
828298 0
592524 678844
120976 678844
666684 0
723707 0
695195 234453
638173 234453
274783 0
467103 0
370943 262958
178623 262958
384837 0
475491 0
430164 106502
339510 106502
141474 0
263053 0
202263 776615
80685 776615
56948 0
962030 0
509489 254556
-395593 254556
199359 0
951014 0
575186 713376
-176468 713376
658867 0
849686 0
754276 796298
563458 796298
477877 0
697189 0
587533 155480
368221 155480
128465 0
281184 0
204824 526695
52106 526695
109482 0
219746 0
164614 399797
54350 399797
292518 0
898591 0
595554 123504
-10518 123504
83653 0
649396 0
366524 106959
-199218 106959
912354 0
984842 0
948598 582450
876110 582450
247895 0
535208 0
391551 723925
104239 723925
311823 0
726278 0
519050 297225
104596 297225
82731 0
925637 0
504184 248239
-338722 248239
291675 0
312460 0
302067 423458
281283 423458
108758 0
988864 0
548811 417688
-331295 417688
633682 0
780590 0
707136 698872
560228 698872
307285 0
853428 0
580356 324706
34214 324706
707082 0
752019 0
729550 617224
684614 617224
346939 0
917767 0
632353 217229
61525 217229
830121 0
970250 0
900185 202071
760057 202071
552701 0
881681 0
717191 449966
388211 449966
709857 0
792978 0
751417 692596
668297 692596
308940 0
606555 0
457747 134586
160133 134586
621400 0
854794 0
738097 426261
504703 426261
246510 0
794605 0
520557 931478
-27537 931478
27100 0
212293 0
119696 565160
-65496 565160
427517 0
850737 0
639127 934940
215907 934940
74172 0
268575 0
171373 686960
-23029 686960
402151 0
421111 0
411631 604727
392671 604727
619380 0
907713 0
763546 951201
475214 951201
337803 0
460414 0
399108 349234
276498 349234
304121 0
769744 0
536932 575443
71310 575443
376299 0
996718 0
686508 884384
66090 884384
131304 0
747446 0
439375 22136
-176767 22136
542051 0
557565 0
549808 268647
534294 268647
270696 0
489043 0
379869 812099
161523 812099
214565 0
570555 0
392560 179189
36570 179189
483140 0
505496 0
494318 253361
471962 253361
401643 0
708808 0
555225 190824
248061 190824
21023 0
829887 0
425455 98537
-383409 98537
297440 0
875178 0
586309 75304
8571 75304
179299 0
646675 0
412987 845048
-54389 845048
176017 0
222118 0
199067 221348
152967 221348
622854 0
823673 0
723263 485146
522445 485146
644991 0
897591 0
771291 27197
518691 27197
429990 0
902986 0
666488 814245
193492 814245
242089 0
473542 0
357815 28810
126363 28810
495390 0
937630 0
716510 28302
274270 28302
190991 0
204198 0
197594 429945
184388 429945
550437 0
898167 0
724302 967320
376572 967320
847878 0
996705 0
922291 842498
773465 842498
10905 0
588361 0
299633 538149
-277823 538149
433409 0
749375 0
591392 230519
275426 230519
171109 0
372230 0
271669 54192
70549 54192
533573 0
656255 0
594914 468135
472232 468135
199804 0
963563 0
581683 371122
-182075 371122
530401 0
722004 0
626202 844664
434600 844664
559211 0
659635 0
609423 340054
508999 340054
103865 0
366978 0
235421 60604
-27691 60604
50162 0
265146 0
157654 611041
-57330 611041
17482 0
778203 0
397842 975271
-362878 975271
366564 0
376332 0
371448 986176
361680 986176
316325 0
430834 0
373579 251904
259071 251904
3787 0
661353 0
332570 624134
-324996 624134
176394 0
231897 0
204145 674059
148643 674059
700033 0
892551 0
796292 153974
603774 153974
422952 0
587507 0
505229 875978
340675 875978
432171 0
498516 0
465343 51965
398999 51965
288577 0
602381 0
445479 935296
131675 935296
652544 0
865533 0
759038 200442
546050 200442
186378 0
992926 0
589652 494997
-216896 494997
79063 0
968198 0
523630 377913
-365504 377913
470726 0
509897 0
490311 210590
451141 210590
687602 0
722630 0
705116 730729
670088 730729
346764 0
435851 0
391307 907124
302221 907124
537175 0
652236 0
594705 316027
479645 316027
239743 0
691149 0
465446 738979
14040 738979
83480 0
188266 0
135873 237495
31087 237495
651797 0
993195 0
822496 356229
481098 356229
587093 0
858728 0
722910 525125
451276 525125
303887 0
851655 0
577771 227855
30003 227855
336205 0
798884 0
567544 306918
104866 306918
693149 0
806931 0
750040 333167
636258 333167
529562 0
903740 0
716651 20769
342473 20769
150821 0
392678 0
271749 972973
29893 972973
574297 0
929854 0
752075 625209
396519 625209
137355 0
890324 0
513839 864953
-239129 864953
220835 0
629304 0
425069 53219
16601 53219
383151 0
388985 0
386068 562767
380234 562767
255732 0
976078 0
615905 421495
-104441 421495
780857 0
796318 0
788587 789502
773127 789502
8713 0
111554 0
60133 125707
-42707 125707
315631 0
804704 0
560167 448991
71095 448991
165151 0
224796 0
194973 978553
135329 978553
185920 0
375617 0
280768 887583
91072 887583
158893 0
949915 0
554404 333789
-236618 333789
300455 0
356591 0
328523 471145
272387 471145
165408 0
985895 0
575651 208332
-244835 208332
734979 0
885399 0
810189 597317
659769 597317
141131 0
297746 0
219438 89748
62824 89748
235594 0
438341 0
336967 886066
134221 886066
25096 0
447054 0
236075 513972
-185883 513972
279037 0
667156 0
473096 318676
84978 318676
116147 0
444188 0
280167 59824
-47873 59824
146461 0
611052 0
378756 951794
-85834 951794
305354 0
498635 0
401994 418061
208714 418061
122161 0
832425 0
477293 774652
-232971 774652
287569 0
819922 0
553745 276900
21393 276900
28254 0
538901 0
283577 162299
-227069 162299
141924 0
352999 0
247461 819782
36387 819782
104945 0
231672 0
168308 258123
41582 258123
634090 0
646394 0
640242 705177
627938 705177
148062 0
313550 0
230806 500567
65318 500567
946049 0
983091 0
964570 944755
927528 944755
73453 0
559267 0
316360 91216
-169454 91216
511061 0
572088 0
541574 912923
480548 912923
920865 0
929122 0
924993 35084
916737 35084
220127 0
257139 0
238633 839006
201621 839006
285394 0
497027 0
391210 377907
179578 377907
175678 0
943670 0
559674 247258
-208318 247258
691694 0
995460 0
843577 352204
539811 352204
253584 0
842136 0
547860 998598
-40692 998598
475113 0
990198 0
732655 828500
217571 828500
489641 0
975680 0
732660 290901
246622 290901
48909 0
436788 0
242848 364354
-145030 364354
528004 0
559970 0
543987 452794
512021 452794
5445 0
957279 0
481362 890012
-470472 890012
225572 0
992364 0
608968 147151
-157824 147151
238951 0
347722 0
293336 948897
184566 948897
241981 0
414629 0
328305 892567
155657 892567
410089 0
489239 0
449664 584261
370514 584261
180025 0
357795 0
268910 426397
91140 426397
171491 0
872745 0
522118 932948
-179136 932948
663523 0
701245 0
682384 422589
644662 422589
100311 0
992146 0
546228 987850
-345606 987850
144668 0
872852 0
508760 64173
-219424 64173
325647 0
618299 0
471973 69618
179321 69618
215659 0
610663 0
413161 811542
18157 811542
474737 0
879162 0
676949 50493
272525 50493
716718 0
828060 0
772389 981474
661047 981474
205958 0
720627 0
463292 391563
-51376 391563
80105 0
821241 0
450673 87941
-290463 87941
247638 0
952851 0
600244 259432
-104968 259432
654096 0
696938 0
675517 439307
632675 439307
162595 0
635880 0
399237 539619
-74047 539619
35447 0
623730 0
329588 200639
-258694 200639
687903 0
877446 0
782674 818938
593132 818938
273873 0
609457 0
441665 945954
106081 945954
488620 0
601767 0
545193 420691
432047 420691
168612 0
316680 0
242646 137410
94578 137410
37307 0
150086 0
93696 859720
-19082 859720
58002 0
374900 0
216451 939825
-100447 939825
145943 0
622539 0
384241 892676
-92355 892676
835829 0
921727 0
878778 63125
792880 63125
361034 0
471709 0
416371 742072
305697 742072
95440 0
417005 0
256222 777519
-65342 777519
299695 0
617644 0
458669 654966
140721 654966
436583 0
573569 0
505076 780775
368090 780775
175336 0
382537 0
278936 269395
71736 269395
319580 0
343949 0
331764 586075
307396 586075
10387 0
456990 0
233688 139735
-212914 139735
68389 0
316710 0
192549 514635
-55771 514635
214332 0
772888 0
493610 653526
-64946 653526
652411 0
665564 0
658987 489356
645835 489356
245041 0
529798 0
387419 961065
102663 961065
946803 0
987113 0
966958 572857
926648 572857
80800 0
280985 0
180892 872553
-19292 872553
452303 0
517383 0
484843 446122
419763 446122
233078 0
416272 0
324675 137810
141481 137810
502474 0
735852 0
619163 998111
385785 998111
88549 0
709195 0
398872 8499
-221774 8499
25905 0
744636 0
385270 76888
-333460 76888
315145 0
775624 0
545384 807573
84906 807573
429150 0
497062 0
463106 976336
395194 976336
742103 0
918506 0
830304 506134
653902 506134
245569 0
395924 0
320746 452938
170392 452938
526554 0
968781 0
747667 533738
305441 533738
841334 0
978857 0
910095 567473
772573 567473
211935 0
803808 0
507871 500097
-84001 500097
230761 0
941619 0
586190 752301
-124668 752301
835663 0
939730 0
887696 461496
783630 461496
580299 0
948229 0
764264 3754
396334 3754
355923 0
541470 0
448696 318899
263150 318899
301426 0
349043 0
325234 815961
277618 815961
325379 0
736284 0
530831 74417
119927 74417
132208 0
347866 0
240037 319986
24379 319986
317156 0
617342 0
467249 846540
167063 846540
367246 0
458676 0
412961 341749
321531 341749
778837 0
934719 0
856778 70036
700896 70036
720456 0
951168 0
835812 300798
605100 300798
176538 0
703469 0
440003 136461
-86927 136461
641120 0
681318 0
661219 716760
621021 716760
182590 0
201424 0
192007 589036
173173 589036
47985 0
520323 0
284154 890462
-188184 890462
852637 0
889716 0
871176 626746
834098 626746
237582 0
443406 0
340494 275307
134670 275307
554738 0
763392 0
659065 892649
450411 892649
126284 0
921984 0
524134 867677
-271566 867677
373055 0
984385 0
678720 646514
67390 646514
54421 0
840575 0
447498 883322
-338656 883322
60397 0
355219 0
207808 59861
-87014 59861
491680 0
741715 0
616697 700981
366663 700981
724793 0
943139 0
833966 399923
615620 399923
830181 0
979814 0
904997 964260
755365 964260
348803 0
720643 0
534723 853976
162883 853976
792209 0
863741 0
827975 607911
756443 607911
71953 0
139048 0
105500 679001
38406 679001
548049 0
714589 0
631319 117338
464779 117338
415727 0
698974 0
557350 6745
274104 6745
269748 0
578593 0
424170 847321
115326 847321
461916 0
624967 0
543441 907718
380391 907718
38129 0
633000 0
335564 165785
-259306 165785
255462 0
874145 0
564803 625276
-53879 625276
171737 0
704326 0
438031 605090
-94557 605090
135997 0
941321 0
538659 470246
-266665 470246
506325 0
805062 0
655693 262455
356957 262455
114236 0
460463 0
287349 850761
-58877 850761
309590 0
524864 0
417227 81702
201953 81702
426928 0
940591 0
683759 780677
170097 780677
35537 0
433673 0
234605 566777
-163531 566777
13805 0
797346 0
405575 191744
-377965 191744
51934 0
221416 0
136675 341096
-32807 341096
307396 0
903553 0
605474 215241
9318 215241
479133 0
528829 0
503981 919567
454285 919567
131482 0
650272 0
390877 377240
-127913 377240
120518 0
637807 0
379162 182303
-138126 182303
752044 0
899325 0
825684 159118
678404 159118
577986 0
750086 0
664036 683982
491936 683982
4914 0
831789 0
418351 140926
-408523 140926
128818 0
954939 0
541878 692815
-284242 692815
268638 0
695595 0
482116 706620
55160 706620
403691 0
490054 0
446872 758554
360510 758554
393608 0
744788 0
569198 582302
218018 582302
438789 0
476381 0
457585 577787
419993 577787
89061 0
395949 0
242505 709269
-64383 709269
209579 0
289541 0
249560 347076
169598 347076
108905 0
988196 0
548550 615472
-330740 615472
147314 0
375343 0
261328 193458
33300 193458
347649 0
723484 0
535566 714724
159732 714724
488575 0
852302 0
670438 669664
306712 669664
64249 0
181390 0
122819 454654
5679 454654
404362 0
984293 0
694327 944708
114397 944708
162916 0
729081 0
445998 854668
-120166 854668
205462 0
261570 0
233516 293458
177408 293458
117763 0
839357 0
478560 898871
-243034 898871
64978 0
407305 0
236141 108451
-106185 108451
395501 0
412054 0
403777 733708
387225 733708
59168 0
543879 0
301523 109051
-183187 109051
253689 0
406817 0
330253 832536
177125 832536
411744 0
968414 0
690079 201190
133409 201190
109486 0
154430 0
131958 781792
87014 781792
513848 0
609084 0
561466 766085
466230 766085
193116 0
553792 0
373454 495166
12778 495166
454686 0
924813 0
689749 216980
219623 216980
734623 0
810395 0
772509 851096
696737 851096
633494 0
875373 0
754433 774753
512555 774753
258297 0
803779 0
531038 686606
-14444 686606
347658 0
992005 0
669831 745774
25485 745774
101057 0
601348 0
351202 668943
-149088 668943
86114 0
449945 0
268029 597039
-95801 597039
240544 0
651135 0
445839 706525
35249 706525
432927 0
849628 0
641277 220373
224577 220373
199012 0
919772 0
559392 413489
-161368 413489
210530 0
844585 0
527557 384527
-106497 384527
95560 0
943863 0
519711 194922
-328591 194922
729055 0
794959 0
762007 70295
696103 70295
86064 0
987352 0
536708 390427
-364580 390427
772670 0
979358 0
876014 738085
669326 738085
34797 0
596767 0
315782 855785
-246188 855785
46712 0
220092 0
133402 458251
-39978 458251
697847 0
817132 0
757489 698795
638205 698795
523657 0
647127 0
585392 548423
461922 548423
260383 0
362491 0
311437 468196
209329 468196
190224 0
573022 0
381623 829133
-1175 829133
516885 0
574752 0
545818 924694
487952 924694
286026 0
828196 0
557111 653749
14941 653749
872674 0
914260 0
893467 157453
851881 157453
203282 0
263101 0
233191 653163
173373 653163
238079 0
517538 0
377808 249930
98350 249930
458172 0
889676 0
673924 296642
242420 296642
347927 0
791656 0
569791 510842
126063 510842
46723 0
315313 0
181018 674321
-87572 674321
92048 0
111498 0
101773 36812
82323 36812
282273 0
579694 0
430983 126186
133563 126186
373377 0
408828 0
391102 159423
355652 159423
659403 0
849874 0
754638 987619
564168 987619
19975 0
532077 0
276026 418231
-236076 418231
177428 0
311530 0
244479 621514
110377 621514
829069 0
830592 0
829830 375945
828308 375945
596874 0
718745 0
657809 350469
535939 350469
66672 0
893517 0
480094 142125
-346750 142125
629747 0
920711 0
775229 973791
484265 973791
111384 0
741246 0
426315 582191
-203547 582191
148196 0
837292 0
492744 864464
-196352 864464
246120 0
790735 0
518427 754193
-26187 754193
612346 0
950158 0
781252 413597
443440 413597
454130 0
632321 0
543225 462026
365035 462026
809750 0
872361 0
841055 773557
778445 773557
10227 0
156694 0
83460 118978
-63006 118978
753568 0
902525 0
828046 354075
679090 354075
163437 0
252994 0
208215 420747
118659 420747
600500 0
911472 0
755986 566847
445014 566847
401615 0
711884 0
556749 308093
246481 308093
860081 0
983806 0
921943 145385
798219 145385
167168 0
848271 0
507719 907858
-173383 907858
117326 0
118816 0
118071 520204
116581 520204
48765 0
571456 0
310110 152526
-212580 152526
510792 0
960170 0
735481 478628
286103 478628
800701 0
970397 0
885549 635322
715853 635322
436031 0
872922 0
654476 905242
217586 905242
642269 0
790106 0
716187 68680
568351 68680
210853 0
553741 0
382297 669180
39409 669180
294052 0
955356 0
624704 381065
-36600 381065
602145 0
939162 0
770653 757498
433637 757498
263883 0
303785 0
283834 441018
243932 441018
422602 0
688093 0
555347 558344
289857 558344
208297 0
471367 0
339832 129801
76762 129801
498511 0
877175 0
687843 89971
309179 89971
815564 0
872155 0
843859 576720
787269 576720
23829 0
251595 0
137712 449643
-90054 449643
41701 0
929072 0
485386 608264
-401984 608264
514104 0
768907 0
641505 162005
386703 162005
62959 0
699636 0
381297 633713
-255379 633713
181457 0
597053 0
389255 89227
-26341 89227
870903 0
961692 0
916297 909365
825509 909365
311921 0
649785 0
480853 331967
142989 331967
374434 0
870266 0
622350 319686
126518 319686
251610 0
516419 0
384014 334550
119206 334550
122742 0
640117 0
381429 150114
-135945 150114
663947 0
699462 0
681704 918062
646190 918062
109371 0
665457 0
387414 959763
-168672 959763
139827 0
790073 0
464950 728670
-185296 728670
839463 0
952078 0
895770 307982
783156 307982
102143 0
436517 0
269330 5791
-65044 5791
191371 0
307420 0
249395 967483
133347 967483
617088 0
619342 0
618215 617268
615961 617268
5960 0
465407 0
235683 991702
-223763 991702
522379 0
785093 0
653736 759664
391022 759664
635995 0
645121 0
640558 399782
631432 399782
302462 0
860935 0
581698 580081
23226 580081
42745 0
220524 0
131634 689452
-46144 689452
180287 0
832818 0
506552 829279
-145978 829279
301249 0
425310 0
363279 185094
239219 185094
249644 0
919744 0
584694 621611
-85406 621611
255435 0
627467 0
441451 929032
69419 929032
222918 0
244555 0
233736 64726
212100 64726
709962 0
840186 0
775074 70686
644850 70686
495056 0
831888 0
663472 593065
326640 593065
591553 0
647403 0
619478 754538
563628 754538
507687 0
949865 0
728776 131825
286598 131825
87768 0
170389 0
129078 690922
46458 690922
293572 0
350677 0
322124 40093
265020 40093
292339 0
639203 0
465771 857694
118907 857694
541983 0
824297 0
683140 777438
400826 777438
445909 0
797418 0
621663 404906
270155 404906
20336 0
891293 0
455814 649461
-415142 649461
376874 0
956019 0
666446 359424
87302 359424
543057 0
725114 0
634085 370832
452029 370832
136122 0
833019 0
484570 18235
-212326 18235
340706 0
407012 0
373859 968101
307553 968101
55189 0
944826 0
500007 654842
-389629 654842
238398 0
746112 0
492255 521871
-15459 521871
393953 0
786205 0
590079 814210
197827 814210
218251 0
643899 0
431075 872545
5427 872545
180512 0
937689 0
559100 669963
-198076 669963
71805 0
342595 0
207200 206651
-63590 206651
544176 0
992057 0
768116 583525
320236 583525
87233 0
351481 0
219357 308640
-44891 308640
238665 0
739707 0
489186 658011
-11856 658011
146719 0
256900 0
201809 998718
91629 998718
718260 0
741353 0
729806 943544
706714 943544
396196 0
464372 0
430284 698295
362108 698295
766929 0
918067 0
842498 92248
691360 92248
248630 0
927180 0
587905 826851
-90645 826851
121175 0
864870 0
493022 7363
-250672 7363
207465 0
307491 0
257478 595520
157452 595520
514142 0
715874 0
615008 139696
413276 139696
583707 0
614020 0
598863 226929
568551 226929
439012 0
822372 0
630692 482988
247332 482988
97023 0
595625 0
346324 629707
-152278 629707
336978 0
612093 0
474535 864320
199421 864320
71990 0
249526 0
160758 328692
-16778 328692
286637 0
683946 0
485291 611974
87983 611974
378885 0
932576 0
655730 539154
102040 539154
53751 0
722089 0
387920 920376
-280418 920376
729452 0
877594 0
803523 644194
655381 644194
324973 0
391737 0
358355 360068
291591 360068
522109 0
981021 0
751565 943776
292653 943776
477473 0
724303 0
600888 282500
354058 282500
90848 0
207291 0
149069 878125
32627 878125
353351 0
702942 0
528146 731456
178556 731456
217671 0
774932 0
496301 497334
-60959 497334
61569 0
62715 0
62142 181280
60996 181280
674689 0
956806 0
815747 630208
533631 630208
195247 0
730196 0
462721 200312
-72227 200312
441052 0
650572 0
545812 77906
336292 77906
294766 0
766025 0
530395 985995
59137 985995
263398 0
654835 0
459116 508104
67680 508104
114963 0
987701 0
551332 501929
-321406 501929
194993 0
397463 0
296228 592778
93758 592778
548344 0
791941 0
670142 295720
426546 295720
39749 0
282367 0
161058 587004
-81560 587004
345082 0
537083 0
441082 164925
249082 164925
19772 0
234716 0
127244 638083
-87700 638083
749968 0
864924 0
807446 833331
692490 833331
65236 0
916892 0
491064 274383
-360592 274383
143143 0
211659 0
177401 556760
108885 556760
129138 0
382846 0
255992 820158
2284 820158
153595 0
497809 0
325702 324212
-18512 324212
411624 0
655524 0
533574 35557
289674 35557
719917 0
764654 0
742285 100253
697549 100253
576726 0
759666 0
668196 382620
485256 382620
163730 0
813102 0
488416 727702
-160956 727702
47818 0
845007 0
446412 263826
-350776 263826
483091 0
912742 0
697916 530146
268266 530146
494331 0
832774 0
663552 447039
325110 447039
107157 0
153826 0
130491 658698
83823 658698
180269 0
282964 0
231616 41544
128922 41544
516779 0
952911 0
734845 55705
298713 55705
124788 0
840991 0
482889 983681
-233313 983681
876548 0
889442 0
882995 219951
870101 219951
466169 0
976801 0
721485 495969
210853 495969
146251 0
359421 0
252836 309071
39666 309071
603476 0
991259 0
797367 873241
409585 873241
867302 0
990702 0
929002 302336
805602 302336
823476 0
913801 0
868638 796667
778314 796667
360840 0
446985 0
403912 950493
317768 950493
19538 0
627254 0
323396 749809
-284320 749809
577434 0
660385 0
618909 219073
535959 219073
149491 0
501377 0
325434 343861
-26452 343861
649524 0
894277 0
771900 749655
527148 749655
385827 0
871079 0
628453 732176
143201 732176
746852 0
881797 0
814324 878428
679380 878428
707220 0
866680 0
786950 386039
627490 386039
250335 0
580462 0
415398 376741
85272 376741
164136 0
399150 0
281643 716569
46629 716569
524976 0
712169 0
618572 163554
431380 163554
60866 0
179014 0
119940 307160
1792 307160
154652 0
445175 0
299913 967545
9391 967545
664248 0
820495 0
742371 468922
586125 468922
470019 0
524461 0
497240 879552
442798 879552
274117 0
855847 0
564982 266983
-16748 266983
253996 0
522645 0
388320 13835
119672 13835
917425 0
961216 0
939320 396868
895530 396868
58030 0
303464 0
180747 163555
-64687 163555
196557 0
457180 0
326868 327691
66246 327691
685701 0
913126 0
799413 369019
571989 369019
76680 0
864715 0
470697 946237
-317337 946237
309891 0
383840 0
346865 100889
272917 100889
351386 0
974139 0
662762 921384
40010 921384
14953 0
336660 0
175806 907755
-145900 907755
216212 0
805422 0
510817 279954
-78393 279954
328067 0
483195 0
405631 533950
250503 533950
13383 0
245493 0
129438 495167
-102672 495167
65309 0
926603 0
495956 69549
-365338 69549
90158 0
261867 0
176012 43082
4304 43082
174993 0
934201 0
554597 728783
-204611 728783
303220 0
768026 0
535623 109851
70817 109851
668218 0
765809 0
717013 419742
619423 419742
535956 0
866698 0
701327 910233
370585 910233
304434 0
388969 0
346701 441538
262167 441538
605181 0
728541 0
666861 246960
543501 246960
8496 0
604729 0
306612 575028
-289620 575028
134464 0
542446 0
338455 336873
-69527 336873
553965 0
577419 0
565692 918534
542238 918534
139867 0
667577 0
403722 180401
-123988 180401
118130 0
182949 0
150539 871747
85721 871747
428084 0
937702 0
682893 156125
173275 156125
537935 0
703511 0
620723 824343
455147 824343
86561 0
474029 0
280295 360300
-107173 360300
384263 0
907347 0
645805 749269
122721 749269
635888 0
825801 0
730844 870802
540932 870802
589114 0
644384 0
616749 991883
561479 991883
680494 0
703183 0
691838 642699
669150 642699
17367 0
773500 0
395433 220118
-360699 220118
452253 0
913367 0
682810 404047
221696 404047
96316 0
632655 0
364485 522177
-171853 522177
20754 0
524401 0
272577 459879
-231069 459879
176879 0
578688 0
377783 679742
-24025 679742
52718 0
517574 0
285146 766303
-179710 766303
436981 0
877874 0
657427 673650
216535 673650
143495 0
779134 0
461314 825891
-174324 825891
14298 0
368248 0
191273 470275
-162677 470275
522533 0
565094 0
543813 689810
501253 689810
98813 0
165233 0
132023 463311
65603 463311
551067 0
901703 0
726385 893030
375749 893030
183722 0
822103 0
502912 989347
-135468 989347
344280 0
720828 0
532554 30100
156006 30100
320512 0
414059 0
367285 608788
273739 608788
254 0
931633 0
465943 177858
-465435 177858
282910 0
809508 0
546209 614839
19611 614839
469355 0
472912 0
471133 910326
467577 910326
5 0
298803 0
149404 794926
-149394 794926
285431 0
522539 0
403985 360021
166877 360021
204124 0
975241 0
589682 458834
-181434 458834
105827 0
954904 0
530365 9901
-318711 9901
444282 0
847935 0
646108 709975
242456 709975
353634 0
788563 0
571098 947155
136170 947155
625427 0
900086 0
762756 361214
488098 361214
25226 0
142033 0
83629 292848
-33177 292848
203085 0
941295 0
572190 618708
-166020 618708
334276 0
414208 0
374242 88063
294310 88063
229363 0
244602 0
236982 88069
221744 88069
514794 0
555881 0
535337 126960
494251 126960
6388 0
432254 0
219321 331084
-206545 331084
477644 0
891088 0
684366 953263
270922 953263
325579 0
417342 0
371460 397546
279698 397546
