4353861
452
299796
1
970
6558
30254
14
67
143
5
20086406
95237
20643
46
4353861
20086406
6380893
20643
643932
4353861
3
1
2
6380893
139576
2083
308
662
20086406
43143573
14085
2083
1383100
970
67
452
92668038
439373
13705513
2
46
3053
204559
4475
143
4353861
46
2
662
43143573
13705513
67
10
943728
21
4475
4353861
44340
30254
308
439373
2970760
6380893
1383100
7
2970760
6380893
143
63229979
29438059
5
2970760
44340
1421
1
7
1
9351653
63229979
44340
4475
299796
3
7
2970760
308
14085
95237
14
13705513
2027032
14085
4475
943728
1383100
662
139576
44340
4353861
204559
210
2027032
14
3
64983
20643
7
4475
643932
2083
20086406
6558
3053
1421
44340
20643
4475
43143573
67
643932
2970760
46
643932
5
452
5
6558
95237
1
1
1
4353861
6558
308
64983
10
4353861
10
943728
10
943728
2
204559
20086406
21
21
14
2083
1383100
3053
29438059
7
64983
98
662
1
4353861
67
5
31
21
6558
943728
63229979
204559
20086406
4353861
1
1
4353861
643932
6558
1421
29438059
2083
63229979
92668038
662
299796
95237
299796
2
92668038
662
1383100
1
1383100
20643
452
30254
9351653
63229979
204559
10
2083
31
452
98
143
21
308
439373
1
1
92668038
970
7
63229979
2
6558
14
13705513
21
2027032
1
20086406
439373
9351653
9351653
4475
943728
143
2
63229979
1
14
662
64983
29438059
63229979
95237
2027032
63229979
21
10
3053
3053
1383100
6380893
1383100
44340
2970760
10
14
4353861
210
1383100
7
46
1
299796
3053
5
30254
29438059
67
643932
9611
204559
970
6380893
13705513
308
95237
63229979
3053
1
2083
92668038
10
14085
6380893
2027032
9611
67
1
31
2
970
46
1383100
1
2027032
5
4475
1
439373
139576
439373
1383100
14085
452
10
139576
139576
970
3
2083
2027032
14085
44340
662
6380893
9611
5
299796
92668038
4353861
67
20086406
31
662
2
2027032
4475
44340
29438059
943728
44340
92668038
943728
308
92668038
9351653
20086406
43143573
308
643932
5
1383100
139576
5
299796
143
1
308
2083
643932
98
98
5
439373
2
67
14
139576
20086406
98
7
2083
14
29438059
139576
95237
13705513
29438059
3053
44340
46
439373
1
4475
308
13705513
21
6380893
2027032
2
6558
3
31
20086406
92668038
643932
98
6558
3053
662
662
943728
5
14
4353861
1
9611
20643
143
143
6558
299796
6558
3053
21
204559
1421
943728
43143573
662
20643
4475
1421
98
662
6380893
439373
1
64983
98
20643
1
92668038
20643
9611
9351653
6558
4475
3053
46
95237
2
139576
5
9351653
9611
95237
6380893
6380893
3053
643932
143
1
943728
31
98
6558
1421
1421
439373
204559
46
31
29438059
452
439373
1
2970760
13705513
20086406
6558
970
9611
14085
13705513
14
1
2083
308
30254
9351653
1
299796
662
143
970
1
1
943728
31
14085
31
10
1421
210
14085
20643
9351653
14
143
21
139576
643932
210
943728
20643
6558
9611
20643
44340
30254
4475
1421
1
67
4475
29438059
943728
46
20086406
9611
143
31
1
308
64983
14085
46
2083
46
43143573
2
1421
2970760
6558
1383100
98
2970760
1
67
44340
1
98
14
30254
210
10
20643
1
14
2027032
2
31
10
6558
20643
14
98
943728
1
1
31
30254
9351653
299796
5
2970760
46
3
439373
7
3053
1
4475
439373
7
308
14085
10
14085
10
943728
2083
970
46
29438059
3053
452
67
452
29438059
439373
4353861
4475
44340
44340
210
21
139576
29438059
5
2
67
299796
299796
3
3053
10
970
139576
98
10
204559
46
439373
452
63229979
9611
1383100
4475
6380893
3
46
4353861
9611
21
9611
2083
1421
14085
299796
5
204559
1
63229979
44340
1
9351653
299796
943728
299796
7
9351653
14085
5
67
63229979
95237
1
98
4353861
5
5
6380893
67
46
20643
6558
30254
1
9351653
29438059
4475
2970760
98
9611
3053
662
31
452
139576
67
20086406
970
95237
2970760
1383100
439373
2970760
43143573
2027032
2970760
20086406
2
143
1
2970760
13705513
14
439373
21
6380893
5
143
95237
2
44340
9611
14
6380893
43143573
92668038
7
46
20643
452
4353861
44340
2970760
98
6558
1
20643
210
204559
98
6380893
6558
1
6380893
21
1421
30254
20643
299796
9611
643932
63229979
1421
943728
43143573
3
2
2083
98
7
98
31
2083
2027032
2970760
143
6380893
970
98
4353861
3
662
139576
1
5
9611
2027032
2
3053
63229979
43143573
299796
63229979
2083
143
98
9611
20086406
67
29438059
30254
970
67
970
439373
2027032
13705513
210
2970760
20086406
14
662
1421
1
4475
139576
3053
1
943728
1421
98
1
2
4475
20643
1
970
210
210
30254
9351653
43143573
1383100
9351653
943728
21
98
92668038
95237
1383100
6380893
14
31
2083
14
3
1383100
29438059
2970760
92668038
9351653
64983
1421
63229979
452
643932
204559
439373
14085
439373
1383100
2
44340
6558
63229979
4475
21
10
308
13705513
5
662
14085
46
9611
5
1
92668038
29438059
299796
210
143
6380893
9611
98
6380893
29438059
63229979
3053
14085
7
4475
44340
3
5
14085
67
9611
9351653
210
643932
643932
4353861
143
13705513
7
1
643932
1383100
139576
5
210
95237
64983
4353861
9611
46
943728
643932
2970760
1
67
299796
9351653
2
308
1
14
67
204559
3
2
299796
2
7
63229979
6558
452
98
21
30254
1
64983
662
14
1
5
46
143
2
14085
9351653
21
1
46
2027032
63229979
139576
2
6558
1421
1
4475
95237
970
30254
21
14
970
2083
2
20086406
95237
3
6380893
439373
98
63229979
2027032
3053
1383100
943728
31
46
299796
14
46
21
9351653
210
970
943728
970
14
1
2083
143
452
210
5
210
64983
2027032
67
1383100
139576
3
439373
31
299796
6558
64983
210
1
4353861
210
44340
31
63229979
4475
1383100
20643
139576
7
2027032
98
14
4353861
2970760
4475
98
30254
299796
30254
1
2083
439373
6558
2083
204559
452
2
20086406
662
9611
14085
44340
1
63229979
21
9351653
643932
64983
308
92668038
