270627256
418664296
622654788
214772426
459859416
708918000
972430860
621291636
417016844
403302062
286993336
782845766
140593054
731396845
451044954
622292062
379147075
703939188
455328128
305330241
580342775
702847331
879062508
570935382
656213713
583278155
256390992
419596508
609024724
101610
830570477
902951841
464823040
166790331
612442694
627350780
377453705
943246913
374785576
149379224
638796711
160667382
486844841
276726805
938019588
664437437
516809195
431627039
121117041
292406636
514221448
672413296
753099123
147365943
966990924
75127009
630540360
212530232
944400575
523818266
303680611
885264089
629660999
840374017
586004368
46364853
677438184
5864159
249361856
405521975
830053161
457548676
755886455
876373789
7439696
623715750
222228757
546586917
833943560
526038064
363083223
555570111
632725583
173597674
596195319
527895715
103210399
370070756
763039111
309218094
986136015
734950952
779234069
269958353
341802318
166790331
466278584
596628874
772084035
918526692
