1000
83020 0
366548 0
224784 868997
-58744 868997
357835 0
485678 0
421756 611288
293914 611288
514238 0
655804 0
585021 246788
443455 246788
884483 0
952989 0
918736 276076
850230 276076
165894 0
931860 0
548877 908439
-217089 908439
52113 0
140441 0
96277 397209
7949 397209
17931 0
379130 0
198530 768375
-162668 768375
543694 0
890531 0
717112 737043
370276 737043
593324 0
735464 0
664394 386772
522254 386772
35075 0
107542 0
71308 376314
-1158 376314
474090 0
702221 0
588155 975686
360025 975686
476120 0
571218 0
523669 333522
428571 333522
131924 0
698858 0
415391 364112
-151543 364112
461998 0
601265 0
531631 248595
392365 248595
49477 0
738074 0
393775 930842
-294821 930842
162866 0
189918 0
176392 982955
149340 982955
76427 0
85401 0
80914 886
71940 886
145447 0
361154 0
253300 407769
37594 407769
98197 0
397264 0
247730 517445
-51336 517445
1322 0
432339 0
216830 624988
-214186 624988
377636 0
650912 0
514274 615430
240998 615430
738482 0
869675 0
804078 91551
672886 91551
719549 0
953692 0
836620 739827
602478 739827
83661 0
932042 0
507851 341093
-340529 341093
670116 0
848609 0
759362 906922
580870 906922
349334 0
779451 0
564392 96841
134276 96841
425761 0
762406 0
594083 698594
257439 698594
279644 0
786916 0
533280 360393
26008 360393
401465 0
687414 0
544439 757657
258491 757657
204859 0
402787 0
303823 706348
105895 706348
296776 0
346199 0
321487 357260
272065 357260
166451 0
961630 0
564040 612094
-231138 612094
569533 0
886000 0
727766 82138
411300 82138
486013 0
825712 0
655862 14180
316164 14180
334622 0
683157 0
508889 200649
160355 200649
114073 0
590080 0
352076 549983
-123930 549983
203273 0
392831 0
298052 492097
108494 492097
672476 0
901867 0
787171 279013
557781 279013
262260 0
876242 0
569251 196830
-44731 196830
81101 0
536270 0
308685 599618
-146483 599618
242618 0
943653 0
593135 412746
-107899 412746
116231 0
905283 0
510757 95549
-278295 95549
728325 0
991168 0
859746 497901
596904 497901
810464 0
816880 0
813672 983914
807256 983914
340996 0
500038 0
420517 318537
261475 318537
541645 0
606470 0
574057 948962
509233 948962
607981 0
809743 0
708862 341794
507100 341794
100078 0
711610 0
405844 14270
-205688 14270
490222 0
895443 0
692832 890512
287612 890512
26492 0
92273 0
59382 487965
-6398 487965
208243 0
269111 0
238677 431618
177809 431618
620989 0
901694 0
761341 853253
480637 853253
146371 0
232890 0
189630 844421
103112 844421
730791 0
956835 0
843813 177654
617769 177654
714706 0
814184 0
764445 677692
664967 677692
33243 0
355829 0
194536 284162
-128050 284162
480162 0
498557 0
489359 610257
470965 610257
580240 0
840351 0
710295 321867
450185 321867
370973 0
475683 0
423328 328441
318618 328441
84309 0
261485 0
172897 871286
-4279 871286
265803 0
808904 0
537353 656749
-5747 656749
213773 0
946246 0
580009 558443
-152463 558443
179136 0
583379 0
381257 704814
-22985 704814
909928 0
944152 0
927040 178002
892816 178002
121806 0
624634 0
373220 992186
-129608 992186
174229 0
315850 0
245039 864367
103419 864367
116364 0
672786 0
394575 344530
-161847 344530
513138 0
726621 0
619879 441122
406397 441122
564840 0
884111 0
724475 433158
405205 433158
661949 0
893282 0
777615 517467
546283 517467
444104 0
764568 0
604336 842723
283872 842723
174229 0
421317 0
297773 788969
50685 788969
757608 0
979760 0
868684 968106
646532 968106
200926 0
701761 0
451343 394386
-49491 394386
378928 0
823567 0
601247 19020
156609 19020
655770 0
887466 0
771618 709601
539922 709601
751834 0
772134 0
761984 382387
741684 382387
498756 0
612716 0
555736 411877
441776 411877
53838 0
63596 0
58717 812341
48959 812341
473230 0
486996 0
480113 990642
466347 990642
237798 0
520815 0
379306 951098
96290 951098
175467 0
363539 0
269503 125327
81431 125327
152508 0
671579 0
412043 882936
-107027 882936
636966 0
872506 0
754736 584697
519196 584697
31352 0
251434 0
141393 924616
-78689 924616
138901 0
566724 0
352812 580386
-75010 580386
276325 0
407087 0
341706 868873
210944 868873
19803 0
175065 0
97434 367629
-57828 367629
73641 0
103294 0
88467 947577
58815 947577
76990 0
431987 0
254488 420808
-100508 420808
597805 0
938981 0
768393 174958
427217 174958
890079 0
961344 0
925711 866778
854447 866778
15407 0
630205 0
322806 538357
-291992 538357
267171 0
898343 0
582757 927215
-48415 927215
298524 0
999392 0
648958 695002
-51910 695002
440360 0
865248 0
652804 350255
227916 350255
537099 0
657926 0
597512 757342
476686 757342
349343 0
405972 0
377657 293497
321029 293497
289953 0
452637 0
371295 367138
208611 367138
753882 0
884625 0
819253 960480
688511 960480
691042 0
823606 0
757324 558286
624760 558286
230038 0
382353 0
306195 519630
153881 519630
245445 0
249131 0
247288 149835
243602 149835
303840 0
660140 0
481990 933359
125690 933359
175884 0
231056 0
203470 231883
148298 231883
132596 0
926058 0
529327 613483
-264135 613483
186047 0
276313 0
231180 787761
140914 787761
550007 0
592019 0
571013 137104
529001 137104
398324 0
843504 0
620914 589742
175734 589742
668559 0
726994 0
697776 990719
639342 990719
359601 0
687475 0
523538 330677
195664 330677
741954 0
762113 0
752033 560715
731875 560715
281743 0
991085 0
636414 322512
-72928 322512
811278 0
947931 0
879604 982652
742952 982652
42334 0
881290 0
461812 674888
-377144 674888
484744 0
629525 0
557134 807485
412354 807485
759360 0
761057 0
760208 993532
758512 993532
547122 0
827416 0
687269 101904
406975 101904
670920 0
684226 0
677573 16580
664267 16580
790320 0
914266 0
852293 685139
728347 685139
601741 0
781039 0
691390 44741
512092 44741
363854 0
628069 0
495961 303047
231747 303047
161950 0
188784 0
175367 810485
148533 810485
511297 0
626233 0
568765 621763
453829 621763
10301 0
23875 0
17088 664097
3514 664097
169752 0
685190 0
427471 148841
-87967 148841
492675 0
929112 0
710893 426250
274457 426250
2559 0
476234 0
239396 253666
-234278 253666
620815 0
676813 0
648814 440938
592816 440938
467133 0
637396 0
552264 355204
382002 355204
322535 0
764525 0
543530 956946
101540 956946
392594 0
883628 0
638111 837152
147077 837152
97730 0
186676 0
142203 515454
53257 515454
609027 0
997161 0
803094 141687
414960 141687
135681 0
618924 0
377302 681914
-105940 681914
799373 0
820871 0
810122 851666
788624 851666
829898 0
948214 0
889056 780779
770740 780779
348809 0
890816 0
619812 773365
77806 773365
144482 0
969625 0
557053 966530
-268089 966530
585420 0
607021 0
596220 950016
574620 950016
445908 0
940624 0
693266 714541
198550 714541
329537 0
413922 0
371729 623487
287345 623487
516213 0
767427 0
641820 721217
390606 721217
282881 0
513374 0
398127 846597
167635 846597
424569 0
648650 0
536609 982278
312529 982278
106483 0
448023 0
277253 803149
-64287 803149
396237 0
474502 0
435369 149399
357105 149399
255281 0
287053 0
271167 498208
239395 498208
544998 0
947887 0
746442 467833
343554 467833
511529 0
533307 0
522418 591206
500640 591206
461545 0
990283 0
725914 37115
197176 37115
176086 0
404206 0
290146 366652
62026 366652
171633 0
315925 0
243779 399217
99487 399217
37142 0
970866 0
504004 912591
-429720 912591
400091 0
911787 0
655939 77593
144243 77593
382369 0
534623 0
458496 525616
306242 525616
9125 0
701870 0
355497 438205
-337247 438205
264406 0
851269 0
557837 241610
-29025 241610
809404 0
865830 0
837617 189497
781191 189497
320933 0
333663 0
327298 239156
314568 239156
298830 0
924870 0
611850 745791
-14190 745791
474916 0
961985 0
718450 666349
231382 666349
307193 0
844989 0
576091 354334
38295 354334
244206 0
860688 0
552447 325201
-64035 325201
260779 0
673149 0
466964 236988
54594 236988
643149 0
750742 0
696945 771611
589353 771611
792710 0
861371 0
827040 780736
758380 780736
228993 0
230915 0
229954 561494
228032 561494
94823 0
988877 0
541850 887251
-352204 887251
694726 0
944838 0
819782 208184
569670 208184
869708 0
933882 0
901795 507015
837621 507015
196025 0
348045 0
272035 498283
120015 498283
193034 0
862375 0
527704 321829
-141636 321829
733061 0
953592 0
843326 182517
622796 182517
58262 0
626741 0
342501 443296
-225977 443296
811603 0
893835 0
852719 602797
770487 602797
99566 0
686545 0
393055 464169
-193923 464169
396655 0
433812 0
415233 209514
378077 209514
422689 0
958149 0
690419 304337
154959 304337
117415 0
845400 0
481407 249175
-246577 249175
567649 0
569937 0
568793 635236
566505 635236
593304 0
763675 0
678489 983281
508119 983281
142402 0
607939 0
375170 692668
-90366 692668
875463 0
929768 0
902615 646260
848311 646260
112285 0
450078 0
281181 789354
-56611 789354
261681 0
555582 0
408631 683189
114731 683189
361247 0
674731 0
517989 369735
204505 369735
138900 0
757902 0
448401 803547
-170601 803547
232404 0
348414 0
290409 226237
174399 226237
77804 0
169103 0
123453 860004
32155 860004
164093 0
934631 0
549362 427654
-221176 427654
569867 0
757397 0
663632 191329
476102 191329
365337 0
553148 0
459242 333731
271432 333731
762168 0
811457 0
786812 725546
737524 725546
408429 0
923743 0
666086 175624
150772 175624
197783 0
995677 0
596730 437305
-201164 437305
670408 0
880972 0
775690 314905
565126 314905
325661 0
767059 0
546360 589159
104962 589159
86959 0
190427 0
138693 337915
35225 337915
359531 0
829548 0
594539 932072
124523 932072
294162 0
689552 0
491857 96165
96467 96165
117206 0
864029 0
490617 369915
-256205 369915
824887 0
933529 0
879208 251604
770566 251604
158618 0
695698 0
427158 63061
-109922 63061
620479 0
884165 0
752322 986804
488636 986804
334614 0
576141 0
455377 982481
213851 982481
215586 0
529799 0
372692 169242
58480 169242
498998 0
844704 0
671851 494903
326145 494903
585957 0
950215 0
768086 685330
403828 685330
288131 0
931857 0
609994 561213
-33732 561213
621409 0
736555 0
678982 855375
563836 855375
254968 0
832720 0
543844 235756
-33908 235756
79855 0
718987 0
399421 685638
-239711 685638
238474 0
970591 0
604532 897688
-127584 897688
33653 0
638991 0
336322 518167
-269016 518167
536809 0
731484 0
634146 852781
439472 852781
35643 0
261283 0
148463 584719
-77177 584719
204885 0
622339 0
413612 600069
-3842 600069
216140 0
572555 0
394347 702378
37933 702378
377038 0
901470 0
639254 634235
114822 634235
629945 0
979036 0
804490 771997
455400 771997
350763 0
462665 0
406714 26965
294812 26965
586520 0
698005 0
642262 106820
530778 106820
668596 0
788510 0
728553 861646
608639 861646
218601 0
686198 0
452399 16989
-15197 16989
720717 0
755411 0
738064 748474
703370 748474
89850 0
791054 0
440452 9757
-260752 9757
190921 0
512291 0
351606 632097
30236 632097
728431 0
790991 0
759711 721004
697151 721004
146253 0
493369 0
319811 614394
-27305 614394
125289 0
643957 0
384623 244339
-134045 244339
415954 0
476053 0
446003 223356
385905 223356
442919 0
578925 0
510922 921361
374916 921361
367435 0
549739 0
458587 106310
276283 106310
411386 0
569985 0
490685 324911
332087 324911
428375 0
807054 0
617714 80322
239036 80322
693201 0
896904 0
795052 387728
591350 387728
87825 0
702959 0
395392 416371
-219742 416371
395168 0
851408 0
623288 144802
167048 144802
88764 0
888538 0
488651 807408
-311123 807408
48847 0
219510 0
134178 932697
-36484 932697
464801 0
980201 0
722501 925102
207101 925102
719909 0
907720 0
813814 504027
626004 504027
641271 0
973811 0
807541 387814
475001 387814
263933 0
385197 0
324565 474151
203301 474151
329925 0
588844 0
459384 281205
200466 281205
23126 0
185519 0
104322 178109
-58070 178109
89599 0
242437 0
166018 782287
13180 782287
93845 0
505971 0
299908 177455
-112218 177455
167125 0
698961 0
433043 582345
-98793 582345
918471 0
974533 0
946502 631192
890440 631192
423583 0
898672 0
661127 95993
186039 95993
348685 0
618582 0
483633 520065
213737 520065
369065 0
776205 0
572635 493877
165495 493877
556490 0
756879 0
656684 395426
456296 395426
145334 0
231031 0
188182 241703
102486 241703
28588 0
847205 0
437896 781182
-380720 781182
723050 0
936805 0
829927 23619
616173 23619
505337 0
959128 0
732232 633817
278442 633817
126253 0
199144 0
162698 332778
89808 332778
100787 0
781490 0
441138 767602
-239564 767602
40722 0
412682 0
226702 182626
-145258 182626
25028 0
389407 0
207217 317560
-157161 317560
61445 0
274824 0
168134 93765
-45244 93765
71674 0
548056 0
309865 650255
-166517 650255
295439 0
983453 0
639446 311942
-48568 311942
225156 0
324027 0
274591 675499
175721 675499
6338 0
47077 0
26707 612304
-14031 612304
68766 0
546310 0
307538 571432
-170006 571432
180127 0
267911 0
224019 214038
136235 214038
29257 0
49401 0
39329 831177
19185 831177
313211 0
978435 0
645823 871899
-19401 871899
495838 0
519815 0
507826 777658
483850 777658
581261 0
813398 0
697329 52483
465193 52483
423516 0
652935 0
538225 600539
308807 600539
73771 0
636388 0
355079 895978
-207537 895978
377897 0
902065 0
639981 736357
115813 736357
577565 0
900587 0
739076 783435
416054 783435
446897 0
706221 0
576559 852201
317235 852201
143376 0
794006 0
468691 120112
-181939 120112
8044 0
172634 0
90339 685865
-74251 685865
485845 0
839221 0
662533 664301
309157 664301
498035 0
711120 0
604577 184116
391493 184116
311434 0
488778 0
400106 281729
222762 281729
57613 0
734950 0
396281 451017
-281055 451017
174504 0
325073 0
249788 603757
99220 603757
586834 0
743491 0
665162 981654
508506 981654
323192 0
837408 0
580300 398594
66084 398594
106627 0
543629 0
325128 845491
-111874 845491
337635 0
475180 0
406407 988868
268863 988868
111645 0
345679 0
228662 161502
-5372 161502
184900 0
797510 0
491205 163699
-121405 163699
412372 0
978163 0
695267 178087
129477 178087
417503 0
678632 0
548067 489521
286939 489521
475116 0
960361 0
717738 740823
232494 740823
165973 0
927730 0
546851 582248
-214905 582248
531488 0
752807 0
642147 842091
420829 842091
29494 0
75999 0
52746 679499
6242 679499
428088 0
698978 0
563533 739481
292643 739481
174159 0
273580 0
223869 77116
124449 77116
778800 0
802156 0
790478 939148
767122 939148
456654 0
599666 0
528160 124048
385148 124048
94182 0
136705 0
115443 52773
72921 52773
314792 0
772814 0
543803 470276
85781 470276
249527 0
320665 0
285096 461744
213958 461744
177258 0
577840 0
377549 627717
-23033 627717
225098 0
676441 0
450769 380525
-573 380525
518532 0
770944 0
644738 972876
392326 972876
714384 0
715385 0
714884 671855
713884 671855
453865 0
505317 0
479591 362366
428139 362366
284117 0
530981 0
407549 164522
160685 164522
740771 0
986481 0
863626 280540
617916 280540
110530 0
877476 0
494003 374722
-272943 374722
192269 0
679655 0
435962 663888
-51424 663888
29286 0
666283 0
347784 429768
-289212 429768
128027 0
607127 0
367577 123378
-111523 123378
272097 0
283568 0
277832 348476
266362 348476
168974 0
318452 0
243713 635772
94235 635772
32836 0
141850 0
87343 351157
-21671 351157
486701 0
813705 0
650203 856474
323199 856474
534035 0
692423 0
613229 140591
454841 140591
520516 0
856945 0
688730 397714
352302 397714
147398 0
653838 0
400618 275191
-105822 275191
544912 0
827053 0
685982 983812
403842 983812
208801 0
493336 0
351068 13098
66534 13098
137716 0
154921 0
146318 136577
129114 136577
278299 0
409813 0
344056 420145
212542 420145
578787 0
626775 0
602781 738598
554793 738598
236989 0
778899 0
507944 287786
-33966 287786
130057 0
567047 0
348552 774488
-88438 774488
259470 0
986531 0
623000 824875
-104060 824875
632768 0
643475 0
638121 861743
627415 861743
41189 0
286606 0
163897 9142
-81519 9142
316380 0
347870 0
332125 352547
300635 352547
73023 0
816544 0
444783 362236
-298737 362236
227944 0
345995 0
286969 499952
168919 499952
506243 0
998924 0
752583 426117
259903 426117
419070 0
649370 0
534220 521256
303920 521256
428270 0
674020 0
551145 758245
305395 758245
478158 0
558327 0
518242 325292
438074 325292
61210 0
768998 0
415104 101115
-292684 101115
593873 0
704685 0
649279 733883
538467 733883
455617 0
745875 0
600746 536841
310488 536841
578607 0
981111 0
779859 884711
377355 884711
333658 0
911504 0
622581 474087
44735 474087
212246 0
773851 0
493048 702031
-68556 702031
228550 0
772775 0
500662 208275
-43562 208275
191845 0
654667 0
423256 373997
-39566 373997
175923 0
382217 0
279070 802267
72776 802267
450521 0
860376 0
655448 876946
245594 876946
145726 0
292165 0
218945 938157
72507 938157
393280 0
739600 0
566440 642842
220120 642842
127163 0
711569 0
419366 905069
-165040 905069
180356 0
692680 0
436518 29
-75806 29
65068 0
542690 0
303879 911533
-173743 911533
55507 0
754937 0
405222 685384
-294208 685384
757538 0
983487 0
870512 458159
644564 458159
154507 0
482165 0
318336 166357
-9322 166357
846782 0
856163 0
851472 64926
842092 64926
297303 0
658430 0
477866 441654
116740 441654
535377 0
589469 0
562423 587381
508331 587381
982749 0
989886 0
986317 326981
979181 326981
149080 0
626265 0
387672 554902
-89512 554902
54150 0
806621 0
430385 247582
-322085 247582
54179 0
388041 0
221110 306624
-112752 306624
443548 0
482064 0
462806 61561
424290 61561
201087 0
683800 0
442443 561401
-40269 561401
141959 0
199604 0
170781 715908
113137 715908
55767 0
824668 0
440217 562690
-328683 562690
714198 0
889595 0
801896 376346
626500 376346
331249 0
765927 0
548588 965815
113910 965815
272165 0
918630 0
595397 464916
-51067 464916
421245 0
761963 0
591604 91181
250886 91181
833217 0
991747 0
912482 897803
753952 897803
80799 0
562278 0
321538 802196
-159940 802196
44342 0
903776 0
474059 245745
-385375 245745
728142 0
965337 0
846739 963184
609545 963184
43090 0
386454 0
214772 162788
-128592 162788
211122 0
758998 0
485060 218556
-62816 218556
617069 0
838041 0
727555 449106
506583 449106
214387 0
948319 0
581353 731385
-152579 731385
180202 0
383301 0
281751 3550
78653 3550
645118 0
661617 0
653367 424795
636869 424795
252652 0
494834 0
373743 416543
131561 416543
91986 0
666807 0
379396 495173
-195424 495173
469003 0
995762 0
732382 539516
205624 539516
231100 0
477451 0
354275 784010
107925 784010
520542 0
710636 0
615589 170464
425495 170464
795892 0
873425 0
834658 897939
757126 897939
608333 0
633933 0
621133 515008
595533 515008
573791 0
848320 0
711055 463327
436527 463327
305176 0
544874 0
425025 362981
185327 362981
706345 0
825078 0
765711 540950
646979 540950
766225 0
958997 0
862611 552136
669839 552136
142156 0
699120 0
420638 644122
-136326 644122
194294 0
611159 0
402726 156236
-14138 156236
358612 0
733810 0
546211 150040
171013 150040
34172 0
69248 0
51710 670582
16634 670582
204637 0
459025 0
331831 982826
77443 982826
67358 0
102576 0
84967 616760
49749 616760
133936 0
641149 0
387542 981432
-119670 981432
462677 0
597264 0
529970 526307
395384 526307
287755 0
476597 0
382176 749004
193334 749004
53981 0
533899 0
293940 224353
-185978 224353
86035 0
753101 0
419568 366509
-247498 366509
246510 0
947395 0
596952 977668
-103932 977668
197557 0
402746 0
300151 852632
94963 852632
231730 0
552786 0
392258 921881
71202 921881
739720 0
952719 0
846219 380906
633221 380906
571647 0
722547 0
647097 964617
496197 964617
705583 0
855659 0
780621 605766
630545 605766
819199 0
837091 0
828145 584796
810253 584796
812148 0
879750 0
845949 388903
778347 388903
346047 0
628754 0
487400 959236
204694 959236
432083 0
853107 0
642595 712338
221571 712338
219616 0
678593 0
449104 176085
-9872 176085
81339 0
713637 0
397488 889995
-234810 889995
150478 0
566269 0
358373 638077
-57417 638077
4502 0
890198 0
447350 590796
-438346 590796
129097 0
385409 0
257253 678795
941 678795
350026 0
984756 0
667391 384378
32661 384378
472144 0
821848 0
646996 719930
297292 719930
573292 0
701598 0
637445 532078
509139 532078
846705 0
962196 0
904450 878126
788960 878126
699812 0
921432 0
810622 310209
589002 310209
150122 0
435781 0
292951 505154
7293 505154
149418 0
842560 0
495989 102845
-197153 102845
232039 0
248907 0
240473 253323
223605 253323
236542 0
886984 0
561763 659874
-88679 659874
621951 0
994132 0
808041 788971
435861 788971
488329 0
672927 0
580628 290080
396030 290080
573657 0
960473 0
767065 628280
380249 628280
50118 0
293587 0
171852 329878
-71616 329878
12314 0
825666 0
418990 692935
-394362 692935
450098 0
703792 0
576945 392748
323251 392748
530353 0
600221 0
565287 828529
495419 828529
35507 0
959133 0
497320 494299
-426306 494299
138352 0
208040 0
173196 726338
103508 726338
95024 0
908028 0
501526 962880
-311478 962880
567902 0
605508 0
586705 101183
549099 101183
278435 0
873225 0
575830 589512
-18960 589512
163305 0
852092 0
507698 66338
-181088 66338
307937 0
662032 0
484984 116456
130890 116456
487698 0
637816 0
562757 645122
412639 645122
191490 0
330751 0
261120 95220
121860 95220
238195 0
239851 0
239023 695441
237367 695441
273702 0
584732 0
429217 654574
118187 654574
79031 0
928406 0
503718 378966
-345656 378966
805370 0
836434 0
820902 473990
789838 473990
768250 0
920688 0
844469 79498
692031 79498
310266 0
869434 0
589850 874285
30682 874285
458946 0
473571 0
466258 242730
451634 242730
41636 0
297861 0
169748 904762
-86476 904762
158092 0
935677 0
546884 392460
-230700 392460
782780 0
803214 0
792997 100302
772563 100302
538984 0
898435 0
718709 854849
359259 854849
110228 0
123716 0
116972 128551
103484 128551
202748 0
281155 0
241951 573309
163545 573309
8118 0
660121 0
334119 409744
-317883 409744
292720 0
650464 0
471592 846784
113848 846784
162154 0
246314 0
204234 157050
120074 157050
137453 0
636952 0
387202 146974
-112296 146974
179089 0
879682 0
529385 444835
-171207 444835
300796 0
853534 0
577165 380512
24427 380512
173100 0
209608 0
191354 679644
154846 679644
309910 0
587887 0
448898 734980
170922 734980
164759 0
698116 0
431437 858697
-101919 858697
495623 0
809662 0
652642 577797
338604 577797
382971 0
672096 0
527533 585915
238409 585915
309067 0
838912 0
573989 394987
44145 394987
155852 0
601579 0
378715 557142
-67011 557142
238531 0
312902 0
275716 210947
201346 210947
459876 0
634565 0
547220 906388
372532 906388
904711 0
935361 0
920036 276274
889386 276274
144969 0
801575 0
473272 449375
-183334 449375
971231 0
997572 0
984401 37262
958061 37262
652342 0
732552 0
692447 251730
612237 251730
107601 0
978356 0
542978 263705
-327776 263705
685398 0
877679 0
781538 452154
589258 452154
186747 0
787665 0
487206 291066
-113712 291066
182653 0
858951 0
520802 892645
-155496 892645
256147 0
688205 0
472176 647528
40118 647528
148082 0
467094 0
307588 798445
-11424 798445
569145 0
889834 0
729489 733806
408801 733806
166109 0
887073 0
526591 395127
-194373 395127
131836 0
884645 0
508240 882710
-244568 882710
133549 0
685450 0
409499 51404
-142401 51404
241151 0
453533 0
347342 29760
134960 29760
717238 0
926549 0
821893 423792
612583 423792
169392 0
714215 0
441803 126891
-103019 126891
413220 0
976811 0
695015 985842
131425 985842
385808 0
669367 0
527587 674047
244029 674047
33337 0
652813 0
343075 338481
-276401 338481
542647 0
831782 0
687214 423979
398080 423979
81941 0
225108 0
153524 311052
10358 311052
873296 0
993420 0
933358 712049
813234 712049
392483 0
558747 0
475615 361950
309351 361950
443887 0
528632 0
486259 603101
401515 603101
245870 0
990000 0
617935 46003
-126195 46003
413792 0
931615 0
672703 760218
154881 760218
424778 0
540683 0
482730 689790
366826 689790
42877 0
810586 0
426731 359157
-340977 359157
233276 0
360275 0
296775 11970
169777 11970
88110 0
708410 0
398260 70969
-222040 70969
306703 0
512089 0
409396 812430
204010 812430
339493 0
816475 0
577984 685726
101002 685726
208958 0
567894 0
388426 760825
29490 760825
169198 0
929844 0
549521 289457
-211125 289457
532946 0
675550 0
604248 51680
461644 51680
578949 0
605694 0
592321 499647
565577 499647
662729 0
855519 0
759124 440777
566334 440777
545309 0
705606 0
625457 251363
465161 251363
420818 0
455234 0
438026 127991
403610 127991
543344 0
949140 0
746242 836401
340446 836401
536461 0
571785 0
554123 659456
518799 659456
348891 0
911278 0
630084 475931
67698 475931
550970 0
995524 0
773247 201242
328693 201242
828147 0
925369 0
876758 886792
779536 886792
117605 0
974667 0
546136 78694
-310926 78694
69968 0
685637 0
377802 684388
-237866 684388
441839 0
701636 0
571737 863469
311941 863469
142413 0
503500 0
322956 85427
-38130 85427
910128 0
924318 0
917223 540661
903033 540661
38119 0
389810 0
213964 600358
-137726 600358
390872 0
926271 0
658571 172143
123173 172143
50328 0
791515 0
420921 599774
-320265 599774
42612 0
342485 0
192548 595298
-107324 595298
170632 0
760206 0
465419 37019
-124155 37019
646998 0
804589 0
725793 11686
568203 11686
6578 0
242044 0
124311 598006
-111155 598006
442784 0
708214 0
575499 39845
310069 39845
306253 0
850627 0
578440 543345
34066 543345
391680 0
760756 0
576218 984015
207142 984015
315227 0
448693 0
381960 373825
248494 373825
49051 0
706100 0
377575 300097
-279473 300097
221195 0
272780 0
246987 91612
195403 91612
315392 0
337321 0
326356 950449
304428 950449
591950 0
932619 0
762284 637433
421616 637433
485991 0
755300 0
620645 442023
351337 442023
14029 0
997344 0
505686 448601
-477628 448601
440128 0
612036 0
526082 673168
354174 673168
651881 0
746381 0
699131 523795
604631 523795
654413 0
711579 0
682996 800903
625830 800903
103107 0
695594 0
399350 116131
-193136 116131
69420 0
152158 0
110789 338583
28051 338583
885869 0
889705 0
887787 611363
883951 611363
743378 0
977481 0
860429 443108
626327 443108
192350 0
444282 0
318316 35058
66384 35058
81715 0
678341 0
380028 306711
-216598 306711
40090 0
692370 0
366230 304055
-286050 304055
304406 0
488692 0
396549 744184
212263 744184
472640 0
678212 0
575426 6917
369854 6917
184219 0
718359 0
451289 661331
-82851 661331
519263 0
879813 0
699538 280790
338988 280790
151746 0
465585 0
308665 949300
-5173 949300
351454 0
490329 0
420891 355358
282017 355358
618044 0
845287 0
731665 98736
504423 98736
289569 0
577504 0
433536 291086
145602 291086
128915 0
887637 0
508276 969427
-250446 969427
435626 0
927727 0
681676 178150
189576 178150
739681 0
932771 0
836226 998908
643136 998908
217 0
610983 0
305600 471548
-305166 471548
7135 0
329343 0
168239 655767
-153969 655767
184818 0
364958 0
274888 51933
94748 51933
465608 0
516704 0
491156 517518
440060 517518
523385 0
931260 0
727322 385325
319448 385325
141429 0
286618 0
214023 746964
68835 746964
385355 0
718934 0
552144 552886
218566 552886
192793 0
364201 0
278497 440523
107089 440523
162221 0
799827 0
481024 368250
-156582 368250
55860 0
856723 0
456291 817374
-344571 817374
56078 0
855631 0
455854 428357
-343698 428357
327180 0
579565 0
453372 274052
200988 274052
280735 0
499299 0
390017 639010
171453 639010
67584 0
262695 0
165139 155714
-29971 155714
193955 0
585103 0
389529 679099
-1619 679099
486780 0
996926 0
741853 336881
231707 336881
233744 0
382281 0
308012 572167
159476 572167
575074 0
786630 0
680852 936368
469296 936368
253647 0
743505 0
498576 252547
8718 252547
111756 0
626722 0
369239 308407
-145727 308407
482354 0
929130 0
705742 880837
258966 880837
325886 0
873839 0
599862 976754
51910 976754
147892 0
825185 0
486538 257489
-190754 257489
409122 0
786902 0
598012 520184
220232 520184
458969 0
994225 0
726597 230492
191341 230492
138068 0
997357 0
567712 227418
-291576 227418
747453 0
991301 0
869377 126051
625529 126051
534084 0
563468 0
548776 217477
519392 217477
16188 0
277589 0
146888 987477
-114512 987477
268735 0
905697 0
587216 614199
-49746 614199
93495 0
351179 0
222337 96553
-35347 96553
225019 0
974332 0
599675 422439
-149637 422439
889263 0
951087 0
920175 763977
858351 763977
676165 0
724928 0
700546 173099
651784 173099
135134 0
761465 0
448299 683676
-178031 683676
789555 0
991957 0
890756 197385
688354 197385
735727 0
780856 0
758291 944838
713163 944838
860677 0
861778 0
861227 478922
860127 478922
595607 0
876865 0
736236 272864
454978 272864
583084 0
661953 0
622518 694913
543650 694913
197284 0
755448 0
476366 46093
-81798 46093
246132 0
293837 0
269984 787464
222280 787464
232629 0
713571 0
473100 676727
-7842 676727
438500 0
512958 0
475729 869244
401271 869244
686057 0
716317 0
701187 520731
670927 520731
708274 0
886085 0
797179 310286
619369 310286
83470 0
960353 0
521911 607494
-354971 607494
28308 0
338483 0
183395 468171
-126779 468171
23583 0
934090 0
478836 861389
-431670 861389
517175 0
812799 0
664987 523342
369363 523342
230811 0
507712 0
369261 278790
92361 278790
41000 0
70157 0
55578 41274
26422 41274
273629 0
373973 0
323801 754846
223457 754846
567052 0
786587 0
676819 709698
457285 709698
436297 0
988996 0
712646 426015
159948 426015
391433 0
957028 0
674230 650641
108636 650641
474903 0
783666 0
629284 127346
320522 127346
19564 0
391160 0
205362 465829
-166234 465829
43147 0
859332 0
451239 399919
-364945 399919
372298 0
720721 0
546509 433446
198087 433446
760415 0
880010 0
820212 664257
700618 664257
466520 0
555557 0
511038 705258
422002 705258
596831 0
840493 0
718662 495239
475000 495239
407546 0
868029 0
637787 798179
177305 798179
360195 0
577727 0
468961 303527
251429 303527
520094 0
833575 0
676834 694961
363354 694961
617241 0
687087 0
652164 686216
582318 686216
8401 0
814433 0
411417 705780
-394615 705780
280262 0
384085 0
332173 265279
228351 265279
196534 0
621158 0
408846 637577
-15778 637577
146332 0
381573 0
263952 33940
28712 33940
453482 0
810590 0
632036 500460
274928 500460
32200 0
50314 0
41257 857305
23143 857305
43791 0
434695 0
239243 264851
-151661 264851
358322 0
528775 0
443548 141398
273096 141398
48869 0
178202 0
113535 974973
-15797 974973
735957 0
873163 0
804560 592214
667354 592214
66742 0
75731 0
71236 116968
62248 116968
297864 0
347005 0
322434 17405
273294 17405
59891 0
563143 0
311517 638564
-191735 638564
206223 0
717073 0
461648 536489
-49202 536489
533165 0
751013 0
642089 506324
424241 506324
81717 0
767825 0
424771 556638
-261337 556638
625130 0
641861 0
633495 507685
616765 507685
183 0
406334 0
203258 36460
-202892 36460
178385 0
547732 0
363058 85330
-6288 85330
522706 0
567900 0
545303 337639
500109 337639
631272 0
643632 0
637452 404381
625092 404381
748240 0
941496 0
844868 267738
651612 267738
20991 0
765646 0
393318 843981
-351336 843981
738064 0
920562 0
829313 50205
646815 50205
5429 0
973403 0
489416 99722
-478558 99722
289606 0
479727 0
384666 181440
194546 181440
552717 0
914737 0
733727 823301
371707 823301
60403 0
837423 0
448913 823484
-328107 823484
96863 0
901507 0
499185 518222
-305459 518222
424213 0
698545 0
561379 86122
287047 86122
552536 0
571838 0
562187 246106
542885 246106
473270 0
836430 0
654850 703954
291690 703954
118428 0
257360 0
187894 724946
48962 724946
38990 0
101342 0
70166 979362
7814 979362
528746 0
667899 0
598322 984792
459170 984792
524825 0
767621 0
646223 274398
403427 274398
593895 0
949061 0
771478 705487
416312 705487
170650 0
772362 0
471506 59262
-130206 59262
112199 0
783865 0
448032 960770
-223634 960770
146773 0
998763 0
572768 901335
-279222 901335
551299 0
749247 0
650273 473173
452325 473173
540921 0
995354 0
768137 309604
313705 309604
699308 0
798282 0
748795 428032
649821 428032
899624 0
940606 0
920115 983375
879133 983375
567523 0
919969 0
743746 28473
391300 28473
335144 0
904761 0
619952 69650
50336 69650
695511 0
800558 0
748034 663545
642988 663545
89272 0
917351 0
503311 350547
-324767 350547
201471 0
976613 0
589042 650765
-186100 650765
864596 0
937383 0
900989 649528
828203 649528
613844 0
838719 0
726281 717179
501407 717179
609198 0
828244 0
718721 258101
499675 258101
137848 0
824858 0
481353 56383
-205657 56383
82233 0
765465 0
423849 472359
-259383 472359
65608 0
685434 0
375521 556234
-244305 556234
106547 0
610433 0
358490 891378
-145396 891378
680083 0
802058 0
741070 208288
619096 208288
235761 0
859981 0
547871 297561
-76349 297561
212375 0
726880 0
469627 499032
-44877 499032
149758 0
377645 0
263701 879981
35815 879981
27173 0
504829 0
266001 493825
-211655 493825
333074 0
744353 0
538713 103023
127435 103023
518806 0
987274 0
753040 444233
284572 444233
69507 0
575189 0
322348 209698
-183334 209698
563900 0
651467 0
607683 411484
520117 411484
120134 0
261900 0
191017 518031
49251 518031
458336 0
527864 0
493100 836442
423572 836442
318317 0
736153 0
527235 72203
109399 72203
33714 0
561549 0
297631 284578
-230203 284578
49098 0
939195 0
494146 950689
-395950 950689
482720 0
929079 0
705899 971870
259541 971870
422904 0
743425 0
583164 304944
262644 304944
42279 0
262231 0
152255 292219
-67697 292219
353772 0
486513 0
420142 361726
287402 361726
212563 0
917672 0
565117 529546
-139991 529546
554158 0
624048 0
589103 791446
519213 791446
82023 0
142079 0
112051 766134
51995 766134
818176 0
978521 0
898348 600803
738004 600803
368242 0
567077 0
467659 162353
268825 162353
368007 0
417340 0
392673 101548
343341 101548
835048 0
862772 0
848910 584268
821186 584268
285676 0
806919 0
546297 844046
25055 844046
111863 0
844308 0
478085 106277
-254359 106277
847173 0
920434 0
883803 460050
810543 460050
59736 0
798513 0
429124 894074
-309652 894074
328059 0
683784 0
505921 448233
150197 448233
635857 0
825864 0
730860 530256
540854 530256
320737 0
401992 0
361364 864784
280110 864784
2795 0
404166 0
203480 233026
-197890 233026
165148 0
772174 0
468661 166718
-138365 166718
123574 0
266696 0
195135 29490
52013 29490
367317 0
930493 0
648905 831519
85729 831519
211363 0
558709 0
385036 675827
37690 675827
833992 0
995495 0
914743 39352
753241 39352
794008 0
810394 0
802201 99088
785815 99088
122067 0
704469 0
413268 782873
-169134 782873
669054 0
757925 0
713489 125089
624619 125089
159917 0
715662 0
437789 962178
-117955 962178
96798 0
679064 0
387931 366345
-194335 366345
329824 0
844213 0
587018 654871
72630 654871
12894 0
627261 0
320077 778445
-294289 778445
510930 0
558737 0
534833 225291
487027 225291
390256 0
722293 0
556274 300352
224238 300352
72638 0
582435 0
327536 295847
-182260 295847
621787 0
883032 0
752409 89856
491165 89856
103853 0
720875 0
412364 728275
-204658 728275
20100 0
772907 0
396503 2552
-356303 2552
4921 0
145189 0
75055 678821
-65213 678821
101719 0
107368 0
104543 357886
98895 357886
431543 0
990065 0
710804 202099
152282 202099
161288 0
960790 0
561039 345712
-238463 345712
456085 0
519527 0
487806 856643
424364 856643
681376 0
909783 0
795579 95288
567173 95288
8570 0
498080 0
253325 167926
-236185 167926
146709 0
793928 0
470318 50959
-176900 50959
383936 0
883784 0
633860 671164
134012 671164
128411 0
404037 0
266224 960424
-9402 960424
65578 0
130964 0
98271 965345
32885 965345
172946 0
809785 0
491365 67065
-145473 67065
167671 0
679363 0
423517 14960
-88175 14960
840651 0
886122 0
863386 975750
817916 975750
231835 0
296737 0
264286 495277
199384 495277
88478 0
494465 0
291471 921412
-114515 921412
183766 0
992546 0
588156 446334
-220624 446334
302826 0
351693 0
327259 593043
278393 593043
186610 0
919004 0
552807 976980
-179587 976980
106520 0
831373 0
468946 381017
-255906 381017
66944 0
962337 0
514640 962947
-380752 962947
32290 0
772123 0
402206 652246
-337626 652246
99355 0
456146 0
277750 331609
-79040 331609
114315 0
342269 0
228292 688613
338 688613
574104 0
606418 0
590261 501702
557947 501702
618047 0
662582 0
640314 996167
595780 996167
362700 0
539460 0
451080 505065
274320 505065
230745 0
502146 0
366445 807891
95045 807891
95190 0
666101 0
380645 510853
-190265 510853
588522 0
772622 0
680572 342227
496472 342227
485891 0
839566 0
662728 304564
309054 304564
448838 0
871856 0
660347 593039
237329 593039
101084 0
487563 0
294323 49186
-92155 49186
601879 0
949046 0
775462 391455
428296 391455
637659 0
724649 0
681154 481911
594164 481911
139361 0
342696 0
241028 660845
37694 660845
398508 0
651880 0
525194 23545
271822 23545
673298 0
900655 0
786976 254291
559620 254291
512197 0
997541 0
754869 920392
269525 920392
100719 0
508395 0
304557 209366
-103119 209366
102962 0
366974 0
234968 48933
-29044 48933
187890 0
551800 0
369845 920789
5935 920789
169237 0
780930 0
475083 408353
-136609 408353
118283 0
346468 0
232375 526584
4191 526584
254275 0
272294 0
263284 251233
245266 251233
736186 0
928007 0
832096 593929
640276 593929
579887 0
913383 0
746635 992438
413139 992438
769537 0
936928 0
853232 409445
685842 409445
707571 0
767079 0
737325 921642
677817 921642
144316 0
791826 0
468071 538713
-179439 538713
158800 0
353682 0
256241 641675
61359 641675
402615 0
863042 0
632828 709827
172402 709827
160324 0
839757 0
500040 395416
-179392 395416
506792 0
764462 0
635627 30051
377957 30051
277419 0
807398 0
542408 302345
12430 302345
58631 0
529957 0
294294 230352
-177032 230352
168912 0
443340 0
306126 326592
31698 326592
677702 0
896621 0
787161 612481
568243 612481
87147 0
120544 0
103845 379560
70449 379560
264860 0
525141 0
395000 687738
134720 687738
134895 0
580206 0
357550 362890
-87760 362890
53862 0
221881 0
137871 225933
-30147 225933
448061 0
893619 0
670840 386257
225282 386257
174433 0
359829 0
267131 409402
81735 409402
389881 0
981831 0
685856 686821
93906 686821
556814 0
692226 0
624520 216779
489108 216779
438931 0
725727 0
582329 176471
295533 176471
765523 0
919781 0
842652 73092
688394 73092
6929 0
378004 0
192466 193637
-178608 193637
48422 0
273917 0
161169 974849
-64325 974849
478007 0
628629 0
553318 109744
402696 109744
366862 0
840898 0
603880 163607
129844 163607
331275 0
583183 0
457229 573578
205321 573578
691105 0
969440 0
830272 748012
551938 748012
80986 0
895194 0
488090 729843
-326118 729843
289564 0
582016 0
435790 803010
143338 803010
315147 0
728495 0
521821 528737
108473 528737
10370 0
491618 0
250994 448518
-230254 448518
81063 0
904727 0
492895 971799
-330769 971799
178644 0
274700 0
226672 536574
130616 536574
249549 0
656651 0
453100 165203
45998 165203
13901 0
359294 0
186597 48417
-158795 48417
39253 0
597084 0
318168 379693
-239662 379693
82877 0
612831 0
347854 587150
-182100 587150
877195 0
978071 0
927633 668136
826757 668136
76439 0
123391 0
99915 474052
52963 474052
907938 0
926401 0
917169 202548
898707 202548
399557 0
971490 0
685523 212918
113591 212918
936360 0
996972 0
966666 117645
906054 117645
271672 0
424512 0
348092 812641
195252 812641
37573 0
961086 0
499329 469293
-424183 469293
642641 0
913219 0
777930 999546
507352 999546
207410 0
952472 0
579941 596631
-165121 596631
81656 0
587103 0
334379 679508
-171067 679508
690605 0
958851 0
824728 657579
556482 657579
598594 0
875093 0
736843 250371
460345 250371
349146 0
524995 0
437070 158309
261222 158309
12837 0
551694 0
282265 74218
-256591 74218
280964 0
949198 0
615081 71190
-53153 71190
373710 0
398610 0
386160 859214
361260 859214
211251 0
851148 0
531199 896788
-108697 896788
196896 0
493789 0
345342 810007
48450 810007
196443 0
701199 0
448821 278832
-55935 278832
309426 0
804655 0
557040 876840
61812 876840
495260 0
988934 0
742097 352043
248423 352043
162865 0
886706 0
524785 950638
-199055 950638
235852 0
929588 0
582720 991985
-111016 991985
87898 0
303898 0
195898 4823
-20102 4823
584862 0
678468 0
631665 470373
538059 470373
266011 0
983472 0
624741 844083
-92719 844083
125225 0
711076 0
418150 695231
-167700 695231
22013 0
424324 0
223168 705372
-179142 705372
137119 0
348373 0
242746 406571
31492 406571
143557 0
446545 0
295051 727578
-7937 727578
20397 0
951831 0
486114 739191
-445320 739191
631049 0
888792 0
759920 625897
502178 625897
560637 0
839430 0
700033 861749
421241 861749
164887 0
347768 0
256327 165647
73447 165647
352591 0
843356 0
597973 266861
107209 266861
109367 0
822964 0
466165 250334
-247431 250334
183399 0
750944 0
467171 477762
-100373 477762
289310 0
878630 0
583970 418438
-5350 418438
154035 0
584002 0
369018 555558
-60948 555558
297592 0
506925 0
402258 518455
192926 518455
234504 0
834341 0
534422 986639
-65414 986639
490047 0
723133 0
606590 617688
373504 617688
78916 0
115944 0
97430 694677
60402 694677
426684 0
494045 0
460364 859565
393004 859565
176044 0
779275 0
477659 219273
-125571 219273
118591 0
442905 0
280748 844992
-43566 844992
209591 0
301990 0
255790 595936
163392 595936
687353 0
696972 0
692162 885246
682544 885246
622144 0
797326 0
709735 555633
534553 555633
177702 0
304251 0
240976 853225
114428 853225
55107 0
696157 0
375632 203918
-265418 203918
61506 0
682796 0
372151 927052
-249139 927052
177450 0
816836 0
497143 5968
-142243 5968
187847 0
511514 0
349680 432652
26014 432652
363891 0
887431 0
625661 728279
102121 728279
106704 0
323149 0
214926 363222
-1518 363222
532740 0
951696 0
742218 665212
323262 665212
63984 0
736446 0
400215 878536
-272247 878536
358590 0
465583 0
412086 675862
305094 675862
21216 0
52644 0
36930 496465
5502 496465
265153 0
390794 0
327973 551573
202333 551573
464302 0
594712 0
529507 129431
399097 129431
38116 0
281138 0
159627 306882
-83395 306882
44084 0
309004 0
176544 11081
-88376 11081
196435 0
993088 0
594761 891325
-201891 891325
237719 0
819491 0
528605 214474
-53167 214474
287539 0
600941 0
444240 263566
130838 263566
266153 0
351524 0
308838 516364
223468 516364
333459 0
661041 0
497250 391306
169668 391306
336903 0
354675 0
345789 960302
328017 960302
261821 0
833369 0
547595 225456
-23953 225456
856534 0
901294 0
878914 206110
834154 206110
30725 0
894650 0
462687 487248
-401237 487248
455087 0
853959 0
654523 312605
255651 312605
865041 0
964527 0
914784 509040
815298 509040
202247 0
272718 0
237482 328532
167012 328532
3544 0
803188 0
403366 616071
-396278 616071
267110 0
585694 0
426402 483947
107818 483947
246735 0
299827 0
273281 817406
220189 817406
207485 0
583639 0
395562 688434
19408 688434
167788 0
933360 0
550574 950255
-214998 950255
834654 0
909596 0
872125 323141
797183 323141
115706 0
865379 0
490542 734144
-259130 734144
235691 0
602954 0
419322 189231
52060 189231
100732 0
431911 0
266321 153758
-64857 153758
457304 0
889802 0
673553 872357
241055 872357
302188 0
893346 0
597767 675546
6609 675546
434611 0
676808 0
555709 777592
313513 777592
918559 0
976635 0
947597 24327
889521 24327
252317 0
700473 0
476395 124318
28239 124318
457103 0
868261 0
662682 57678
251524 57678
777857 0
923711 0
850784 408684
704930 408684
246852 0
409915 0
328383 790416
165321 790416
497348 0
529221 0
513284 26107
481412 26107
686579 0
961133 0
823856 643191
549302 643191
356690 0
418437 0
387563 532993
325817 532993
229047 0
720625 0
474836 426339
-16742 426339
155236 0
420945 0
288090 103147
22382 103147
198537 0
590147 0
394342 596135
2732 596135
739217 0
842465 0
790841 296608
687593 296608
815920 0
863535 0
839727 681221
792113 681221
437566 0
739631 0
588598 975430
286534 975430
502836 0
846250 0
674543 385345
331129 385345
184 0
636666 0
318425 914566
-318057 914566
179125 0
203116 0
191120 392051
167130 392051
76158 0
822316 0
449237 810488
-296921 810488
355309 0
821557 0
588433 47465
122185 47465
242503 0
298000 0
270251 202702
214755 202702
917500 0
957392 0
937446 309201
897554 309201
513635 0
696609 0
605122 668018
422148 668018
76497 0
326595 0
201546 483939
-48552 483939
514063 0
524168 0
519115 739922
509011 739922
15950 0
876665 0
446307 759110
-414407 759110
29684 0
917647 0
473665 275647
-414297 275647
208809 0
348565 0
278687 478763
138931 478763
547478 0
740617 0
644047 71273
450909 71273
67457 0
419139 0
243298 892830
-108384 892830
114923 0
717140 0
416031 651685
-186185 651685
634640 0
833977 0
734308 125430
534972 125430
143178 0
664627 0
403902 822039
-117546 822039
507574 0
811197 0
659385 414888
355763 414888
548094 0
811488 0
679791 445303
416397 445303
551410 0
564044 0
557727 321969
545093 321969
310521 0
481691 0
396106 868005
224936 868005
586168 0
830256 0
708212 593166
464124 593166
87225 0
581283 0
334254 140644
-159804 140644
154683 0
168908 0
161795 559784
147571 559784
578090 0
785958 0
682024 793276
474156 793276
229776 0
619935 0
424855 427916
34697 427916
279465 0
355206 0
317335 608895
241595 608895
90662 0
693597 0
392129 632821
-210805 632821
418502 0
624838 0
521670 180915
315334 180915
70141 0
969913 0
520027 261311
-379745 261311
796786 0
908462 0
852624 743002
740948 743002
292819 0
899306 0
596062 89610
-10424 89610
480589 0
885986 0
683287 693188
277891 693188
26630 0
649497 0
338063 847871
-284803 847871
102766 0
227587 0
165176 633829
40356 633829
896042 0
973715 0
934878 770116
857206 770116
323958 0
845273 0
584615 49581
63301 49581
55223 0
449205 0
252214 656596
-141768 656596
82026 0
196413 0
139219 75098
24833 75098
266554 0
779293 0
522923 561363
10185 561363
40604 0
691369 0
365986 358149
-284778 358149
299958 0
984188 0
642073 257455
-42157 257455
870174 0
905921 0
888047 254396
852301 254396
413157 0
599109 0
506133 420245
320181 420245
515923 0
963332 0
739627 164185
292219 164185
113513 0
411966 0
262739 654252
-35713 654252
252276 0
883629 0
567952 499526
-63400 499526
217834 0
449562 0
333698 71101
101970 71101
106158 0
816212 0
461185 267514
-248869 267514
181257 0
595506 0
388381 50420
-25867 50420
258972 0
636110 0
447541 741789
70403 741789
617122 0
936069 0
776595 242330
457649 242330
390929 0
841990 0
616459 628856
165399 628856
645326 0
957451 0
801388 42013
489264 42013
581923 0
920783 0
751353 74289
412493 74289
34296 0
746108 0
390202 486255
-321610 486255
400361 0
434277 0
417319 254883
383403 254883
416239 0
883839 0
650039 472717
182439 472717
3692 0
989998 0
496845 288930
-489461 288930
271206 0
687607 0
479406 400788
63006 400788
837978 0
946579 0
892278 36898
783678 36898
80053 0
579768 0
329910 489319
-169804 489319
338450 0
470983 0
404716 847661
272184 847661
632661 0
967306 0
799983 805112
465339 805112
214584 0
525672 0
370128 725895
59040 725895
116313 0
477045 0
296679 276543
-64053 276543
393758 0
602568 0
498163 710820
289353 710820
326349 0
373803 0
350076 594660
302622 594660
330041 0
362873 0
346457 101010
313625 101010
117599 0
651803 0
384701 304969
-149503 304969
52591 0
955577 0
504084 767900
-398902 767900
51697 0
605841 0
328769 847954
-225375 847954
390147 0
611513 0
500830 835289
279464 835289
459174 0
873806 0
666490 984302
251858 984302
264287 0
915830 0
590058 715238
-61484 715238
32143 0
506534 0
269338 192283
-205052 192283
151063 0
299430 0
225246 102393
76880 102393
10250 0
524866 0
267558 428742
-247058 428742
