1000
5630 1382
27318 1580
2538 312
11220 3804
24897 11089
11847 5656
11185 3303
27848 25640
5216 4480
6996 5414
7122 2971
20526 7214
10509 4730
15911 12750
13819 9164
25629 1390
6927 3113
21954 2714
15915 3416
414 14
10434 3768
6232 242
18746 1600
31025 16898
25492 10238
18385 10195
30030 136
3910 1167
4232 4192
5706 710
29287 2233
18628 4742
22711 8690
23186 4531
23252 15456
1926 832
18890 7934
5294 1106
23483 20621
30425 3422
9857 6702
16982 16127
11669 10325
18431 1780
1839 236
887 714
23727 7841
16047 11215
19004 10358
3759 3715
25003 3099
3475 1808
21666 10408
30163 2887
2557 248
712 317
8816 1977
14956 8890
12398 12091
1122 1004
10058 4305
12854 4847
17821 10552
23781 5419
32487 7305
15264 11637
10361 6962
22477 11608
28050 386
16975 6259
20168 4295
11783 1590
12457 8894
5018 3486
15779 1836
17013 3108
7969 480
783 105
20983 17434
11886 5133
6656 5207
24301 4125
22789 3148
7740 2195
19681 7578
13480 314
30947 27141
32157 3472
15988 1727
25961 2429
26874 903
29762 24214
12540 3809
2699 591
31366 413
12883 2543
21199 8771
10783 4754
28953 1554
3305 1646
16089 7869
15208 13734
11032 1824
27282 20485
19737 713
31584 9045
6716 2282
32721 10896
13090 8750
4401 1950
3090 838
23451 1036
29851 13942
701 348
17019 13100
17371 6971
9152 7536
30998 17584
23597 9480
25071 21635
29151 10159
21767 14172
3377 1794
16168 1349
4060 2052
5001 1903
10083 98
4430 1263
24238 3690
591 222
29428 16961
22298 14850
28639 10683
17467 2292
22251 543
17595 6132
22032 6550
9702 9493
20896 8246
81 1
17778 5263
16924 5498
16704 7488
11893 3646
1102 948
30301 1614
31820 26105
20143 17672
11134 8009
10078 2803
14874 3362
26622 15167
14066 2486
21894 18328
19282 11904
1364 736
26156 25578
369 161
8818 3866
535 226
27844 7750
24688 22671
11339 10419
9889 6901
29413 19388
24839 349
30850 3516
5312 844
26062 18701
32622 31389
12816 4825
1079 474
6225 4674
27153 11893
26562 10909
20284 11643
13144 2675
30223 26382
9401 131
20216 9342
30299 15297
25535 7146
22762 20371
2058 149
18411 8941
29478 5488
4512 2041
9988 2284
5675 4286
18562 16237
501 370
19692 8350
1873 284
8387 2960
23389 905
11197 818
31273 28158
22028 3553
30236 8783
29411 18764
22163 623
13367 11643
18890 185
3011 2383
11776 5255
7502 684
13782 10026
9776 4679
11257 3647
32275 3453
6656 4192
5367 3029
22168 8964
4729 241
16094 6843
31316 1295
7948 663
31272 15396
3672 105
17530 8601
16921 5828
7420 599
7212 6960
31247 17758
30870 28
24455 6205
32362 21282
22190 16546
30702 14787
10123 7551
30201 19737
14180 10704
17055 13403
12417 7893
26384 472
22323 3930
18622 3040
12309 7450
8638 4841
23442 8396
22641 11449
19111 15160
31331 21
12522 10823
24179 19866
22476 10996
12853 9793
14107 8072
30356 18516
30411 5877
12220 5643
15861 5686
19511 774
29472 550
1877 1152
20928 12151
19154 9327
30972 27095
21427 2314
22452 2392
7793 6218
6595 1397
24153 23384
31361 580
1075 753
8332 2260
6178 2639
26313 1237
27339 19400
13989 670
25017 10648
22433 8264
25344 17916
22541 9075
9249 2365
29459 29439
24622 16634
6136 3976
14639 58
30367 9471
18627 9524
13647 3026
9227 80
13237 2825
22211 21351
32557 31608
6578 4062
23613 17959
18501 15239
2402 1556
22903 10879
7952 1758
24563 13011
12532 525
21885 1233
5244 3905
13710 5776
28825 27134
11070 10274
31428 15085
22119 13124
1343 792
27656 15950
17053 6141
13799 1898
25220 6548
13691 958
27570 19565
28168 7421
30526 3024
6668 4006
12576 1892
20442 8676
16884 5610
22917 8937
1531 580
17407 14469
13667 716
27010 8847
25032 12464
31535 7992
27898 18638
19958 11981
23809 16389
28341 1002
12638 927
16804 5947
7572 1678
12528 571
19687 11622
11942 4484
4964 2070
3539 1106
12321 7007
30442 11850
1222 714
31589 13743
26188 8372
3247 1179
27397 2999
23106 4256
23005 6447
23308 5777
7903 5971
1560 404
26875 12432
32362 17214
21766 10126
13867 11689
18946 3755
19718 2592
27296 22097
11729 5411
16387 11434
12144 1302
455 14
15606 237
8002 1990
18702 8029
28169 1255
4250 1
8630 5219
28825 11858
28905 11150
21326 9444
2957 2070
30879 5836
18013 1714
7611 4906
8102 7380
18431 2217
334 317
14107 1459
25621 22652
17008 11591
14363 9543
9661 5088
13987 13742
251 243
278 217
3973 1399
12619 8746
23164 4199
16133 8006
27242 4459
24253 631
15397 2230
15778 15120
31991 18173
16095 1548
20987 16374
7708 6340
11978 4954
6983 6304
32599 29464
5012 4355
10520 2085
11202 11087
10087 1606
28577 22765
18215 16204
2769 145
17834 8168
32460 15098
22226 16722
31270 3937
22135 1180
13588 6704
10505 1230
30508 25711
3959 949
10859 10656
29263 4617
8060 5878
26662 23303
26423 12252
31546 8811
25961 13678
29270 3301
211 133
8438 2861
5237 1134
684 237
1548 570
9666 1843
9689 4466
10529 9148
15268 12913
20849 7161
25857 14445
31106 1635
10450 10334
25067 18673
25613 23774
9201 628
29631 13161
19370 7261
16465 11002
23906 19765
3594 2052
19005 6527
14038 1661
6174 1190
12614 8815
16584 2727
2263 1662
3139 697
11127 7000
27266 1286
12357 4167
4162 1432
31641 11617
23349 1071
25668 12814
16736 16267
15897 7924
20417 18538
28076 4408
31798 5503
26969 21594
20122 8513
19336 10023
9521 2040
23088 7520
6214 3001
10138 481
16658 13618
12392 2384
26592 3659
6869 4915
23919 4991
31550 19864
920 528
16866 14015
18736 6896
13798 1613
7472 2775
8604 1646
7443 1409
5124 3272
640 123
23443 1101
5161 1824
7732 6128
7667 2133
12941 4672
13399 4184
7811 2846
18184 840
24320 14624
18134 5834
23795 18836
25298 23786
13209 10685
8371 5370
11260 223
21624 6067
4537 2934
15183 1468
17669 7464
15798 8869
11762 7496
7392 7388
29935 4206
3930 3619
9358 1905
4334 2140
6283 786
27080 274
24073 21330
12503 6313
26910 9891
19830 1034
17298 10826
15436 4423
6372 3428
7024 1492
17294 1121
16849 15911
16266 14961
26070 3770
9749 1817
5953 2972
5811 4446
4185 2381
12659 2605
8776 3756
1652 1097
16578 1918
7848 894
28903 8501
472 48
8043 7117
24041 23166
8692 8237
13149 2573
26563 18048
11037 384
7575 2599
31093 20861
18638 9984
29280 26791
7630 1271
13062 10005
5539 3409
1155 599
1769 44
23530 3038
17901 1922
7049 4462
4111 326
31087 9259
18027 1815
12076 9230
15288 1532
22232 5152
6511 4276
6487 4303
8240 4732
4570 4530
18275 16975
2729 236
27 9
30497 327
7999 2529
20216 18792
13035 2588
11977 8939
18196 4779
25036 43
23915 18626
14564 9939
7300 5237
21216 20096
31288 5494
14842 13664
25928 6264
31396 21400
12866 12195
6021 5293
20393 1100
32446 5893
1360 254
25713 6941
17159 15447
9860 2879
17017 3647
7586 6750
85 58
32643 8226
20652 14858
13934 9485
4763 4395
20988 4978
18217 3569
29982 20153
3954 1410
25953 15686
22022 14510
8049 7986
10124 5768
5340 2518
32427 645
30489 5794
1834 313
13257 139
7253 1259
1596 167
1699 1494
16951 16856
15511 6930
15349 10297
10980 10440
29035 4245
18388 10771
22737 17369
30186 15205
30813 30700
31175 18130
11090 4253
1866 664
14393 13473
10747 958
7278 5154
3242 2399
12511 10077
25683 1377
3089 725
581 346
17764 1013
20867 10643
32151 26650
17259 2737
20622 14422
28565 2630
5203 1072
27390 4020
2396 1155
6758 1481
24588 22655
1014 268
14203 3342
25638 3734
31098 30578
2526 1844
14290 1017
15835 11651
28365 10317
14677 44
20728 5214
28639 15754
38 36
12430 8125
22456 14901
25181 3384
11292 5313
24528 12504
9108 7535
13784 9574
3129 876
18935 8300
21311 16607
11172 4848
378 112
5361 4538
24865 1844
24171 21829
12499 2741
27202 15544
2007 933
19114 4228
20392 11306
10112 3361
30385 11613
10033 4395
16469 4011
24280 8435
22066 3648
3494 1479
32423 9256
10119 2019
7315 3772
29442 18976
23648 13443
15969 11969
12865 2933
28691 934
3511 1176
30286 12112
26202 21950
23033 3149
1494 608
30920 13706
13108 998
10921 1471
9051 3489
22111 12962
21206 2545
14700 6339
11479 10243
26421 21168
9084 3087
17249 1152
7506 3930
31618 10637
23576 16674
17399 10708
16581 8032
23569 12633
4300 119
7540 4602
8350 3282
6848 2230
1904 1854
4465 3458
16447 7088
13060 8843
23570 9177
2396 456
10624 8553
31331 20994
30065 14065
12020 4500
18729 1470
24825 11145
18818 13767
21712 15826
7032 2641
500 417
29163 14441
11993 6950
10401 4493
1047 1038
4235 646
23243 7831
20809 10818
19002 17108
1007 60
14520 6217
27402 6174
29641 2937
27614 3523
4997 644
11506 9525
11585 10790
32207 17020
6507 1810
27652 20650
20662 10694
10605 1697
9335 3277
10165 10044
22095 991
3354 1237
21259 19601
26224 4287
5320 3411
14953 11437
28763 5139
25107 6711
20976 4433
19106 1116
11504 7736
1136 362
9001 8055
17218 623
10025 1345
13261 4114
7658 7244
19065 12920
17333 14687
28516 9944
22592 7085
11178 10540
22042 21032
15332 3245
14664 632
11246 855
6449 1945
24558 4598
6583 5432
11921 6636
30631 14817
28824 14322
13395 5313
10644 3304
9341 3844
11757 8468
26231 7983
27177 4740
905 153
12139 4692
16531 12696
10554 5754
25075 2737
24708 3222
26281 18629
28643 1795
32441 6873
19742 12533
16593 12529
19443 15227
25388 8558
15892 15250
31670 14490
21615 5553
2929 2810
9650 3754
22807 16132
32271 27949
24321 16424
23613 726
20551 621
16319 14496
31017 14586
11368 3371
32430 24565
1823 154
16778 1290
12256 11412
26693 1809
32003 17424
21658 4119
31681 28179
2078 646
6644 5023
15394 2181
7454 4375
12505 11014
2733 121
30654 493
25981 32
15664 2119
25759 2417
21855 19094
1881 876
4204 1350
10861 6116
6604 3282
670 29
26350 9522
8305 6637
31005 14550
24881 14143
30375 9958
28981 19924
24383 2075
17254 5596
24480 8208
8699 6973
2163 1960
15495 11974
27763 17759
22326 5264
27087 20571
32595 19012
8911 472
26894 21477
27067 16732
23165 11455
9209 6024
18400 672
26741 24296
1321 724
23878 1073
12476 4627
6286 774
15219 14485
2209 1466
12773 7691
10090 901
10984 3292
32011 8075
32596 26832
13764 1762
12042 10930
20246 12778
5941 1700
8232 456
24016 22853
16745 2364
13929 256
6007 2302
25636 5433
1344 393
7426 5957
2407 1293
12899 7421
19177 6722
8906 7018
22784 13839
30945 4124
8775 7448
7101 1191
26399 2027
29794 14531
11090 7617
3210 495
27383 81
2722 280
5782 5636
12054 6113
6796 1109
14030 195
30128 8013
18169 12571
9014 5610
17929 17865
23508 4397
17918 16939
29220 1773
25576 7846
20042 4778
16551 9509
19670 10655
30454 7948
1260 187
12968 8046
14754 14244
19760 15743
31401 30235
4967 1456
14384 6144
6282 5289
19973 5618
14978 4715
18941 12177
15209 1798
29079 24166
5193 897
19164 3208
25895 15230
11401 2900
9792 7889
6512 5784
32402 13231
27420 21946
25502 3939
4020 2296
26221 15014
24353 4458
20945 10125
19315 10028
32237 27968
28801 9278
31991 20910
18128 7622
1341 334
32183 1862
15462 996
16576 14442
18427 17161
27728 517
18214 4004
30091 7280
6585 6567
2418 185
6257 450
10062 3875
8829 1353
14930 1189
9274 4053
30332 18501
31553 29433
31932 25567
23459 8670
2648 938
6771 911
14223 13330
389 200
2429 1467
4214 1585
23358 6245
20204 7975
25174 664
5151 3154
21072 5570
26521 18499
25510 22919
24378 6611
16865 3959
7806 4128
9473 6982
23299 1243
6687 4284
2629 902
16209 14493
7340 1276
30414 8253
27082 16456
21843 8576
12765 7628
20421 12734
22684 8278
27671 22580
15664 3061
31086 27353
21376 4100
4995 2050
25265 15651
