926805050
309695075
106697344
73547224
540454965
112406951
400064591
145310541
966491155
26698244
918397680
168616412
763039127
664689005
809422772
131055650
54321200
441612221
501821836
345657927
963707397
87947358
670531806
158275062
169481771
656355498
135497437
271800455
10807410
797245814
38094525
906141298
925485229
512128407
58886107
321595548
968827673
471935017
84970084
372406018
807147269
100313258
131009536
21710186
854370174
332547205
697571906
639176641
60468350
657813702
649200983
85770502
215844455
252692137
99584540
530590180
504175706
397481967
951699904
990215898
308899224
629443586
232523775
722131524
160952745
574311100
895242538
57849289
822901961
369804782
904235655
717813294
806112696
712102095
702528079
737554247
766990496
801946515
375486194
267601589
186885962
789871877
60370667
987049912
389252452
538855094
208844671
438775271
407044689
229974121
560245861
321383304
510639710
61120035
784492799
75243114
333161627
347169917
50470555
117231222
685853956
512596167
525341951
805039478
13753132
270141861
668000902
453487805
646312738
781044483
24710392
588832567
835455040
628818939
155258867
50725489
739244804
141815718
489066540
745360747
963137895
866989296
920654347
30276166
783076200
164631200
830064121
649377590
961870534
331834367
686093309
274935011
513924079
83392688
84173933
397645187
170473126
557969743
188946613
122
407846056
475970188
198194828
776869707
57090223
912871125
635849488
284891973
849227017
682179000
180325198
551330646
694173663
549304308
594958432
545156031
486790147
523369843
73526775
658650823
98285013
560281737
429899165
321586342
547965006
203842902
978552800
282352593
93875085
102041834
252456980
101255413
328059997
990023530
96710514
659595976
539403317
523760124
831308345
299958712
921727872
775362926
82661022
430044929
400282585
707060620
285647461
181294886
499719487
571829625
746200398
768508984
806618324
554327697
199066259
806132045
761917829
297200396
649313794
281112998
399075233
166091809
521318105
587508325
193157265
986947545
812557461
833708587
407600815
481552880
700160810
237032329
642097173
373618757
290296315
765692378
101348996
792460674
572779329
309115639
649977302
514969097
404055405
980605379
945277549
585361687
904919620
873888559
403618125
771032172
900508971
53193950
538315956
12883507
435303981
896808206
237490915
464259028
279129540
564956235
997899863
114898604
338076078
411439548
333228999
698187943
685030267
860243289
584555537
418730374
693394092
239986143
762902248
536061497
436418949
892460675
183527703
531627808
496715075
857412804
289730877
365257815
704911339
903581860
201357733
347455107
211414823
792711777
113969144
107189066
433340633
91438914
905039881
640182621
765434182
78455591
644674854
88952512
269765738
446029947
806480331
72864990
92391375
558887910
662742078
152840778
996926802
672414302
135110824
792011799
592341182
759606897
971287207
515626026
293170394
5478796
920176023
778941143
439940280
463960202
907985224
816116794
931696478
462070780
1884634
564195076
6200055
753409903
81751155
432084526
749737811
642678672
338384909
351857849
44406273
72231795
865575297
417526030
129861212
351376501
50112674
869683055
955950537
153874332
169984880
207710145
409464956
577240055
762924661
542739857
304528504
629121862
980785696
572663359
101467054
882440194
796147673
403361007
20982166
215448467
643443572
871318557
263863187
755484800
730850153
625230432
649916448
905379141
535792500
215450717
532528606
489101399
885028608
260636102
823055839
835897491
929557411
800324384
650951628
44972745
500006379
427285341
641266997
268240716
254638742
907418668
190206076
347813190
839973347
988411233
92812503
417885489
734542165
491370285
456264696
76747539
325920112
174324713
837557927
686174426
63458282
418996111
628862563
349625498
915016333
81237262
251195308
43997286
18286286
125588620
396399225
568479710
888211821
371660416
76413925
679252922
809193861
821064553
159183436
561658216
54176031
59309220
413824956
475860637
389558595
591231040
687988028
369711493
17705365
282902037
528415810
686679487
339516177
746445936
510107748
573742738
272784988
869704211
985678621
201228756
497750428
577011342
775739387
145622345
75141523
560027247
522697007
992201664
867386992
609885312
180228678
980704729
997391082
811553040
94292683
10818666
739817475
119801428
455325899
369763918
968764726
210457996
831451978
857421529
896050582
87257876
644925666
198639264
639517484
146101352
806101878
237570440
657033664
310994389
934072142
176516652
277849475
826054187
879094379
257517988
51991998
161040262
103459037
267429422
598700566
151560808
612985557
398265694
398714818
185662699
846793396
913253277
802574948
948779335
866541815
907943560
721463739
649358475
921812279
684213624
881492606
395979184
686447821
838792386
652910907
956221137
929613016
510015254
352865251
641291253
622896664
96444950
334436951
86866427
643399246
372390973
816395448
271900381
580990669
472782813
476688534
984447476
722915725
593036933
799044060
664239711
712819903
632311632
257118761
69400804
577574879
824790171
8600006
392609630
375632862
811046166
461853098
604739211
197153659
599696265
94863493
448149906
100114523
689978241
462137658
733751339
946505883
661062047
826590410
368107283
523803202
271455492
740744770
447768711
945988956
41227325
548106234
965231639
59766088
357992679
359880720
311386565
20814633
900396482
509219244
68846347
396612362
452585302
387630719
568028709
583036279
403855310
164754655
429262510
412852113
777265578
431267410
579990192
178441073
780288232
745072513
961810907
5
126302529
554511555
600617236
352468410
600526021
675752291
235622209
761457945
729957637
188199904
484813764
338718422
520203051
556490782
483082573
999207859
176198621
901967045
601716655
447420363
443322399
720371799
123119478
945515180
471454048
143933860
914574008
250059509
740082797
877518413
436740511
467489290
502540226
218368010
129661741
210398795
692897632
387933541
270859530
760574091
947990140
719261632
469222116
314433925
185069321
438663866
59450268
384699949
497159155
218298255
153405052
228491065
412753802
160289002
141209286
530851226
405164710
608090695
323469153
556689882
454318203
304677192
613558754
987594440
666397219
134635084
654762303
310733274
958139493
234068480
608370535
612437021
898278308
878987425
194052158
775002188
182001853
216820434
630454020
183974695
174057339
656648417
132717753
791226288
848105126
721264841
577109913
511086828
756473222
283118148
395465468
484567000
576221342
822418926
983234291
398544728
593152221
40554135
788235589
224464170
151343507
508205427
467613827
633665215
835711242
352380958
81425775
874976917
421762284
518142251
572089826
723541574
341099436
358495337
633401269
434783023
563099647
788011669
983716194
644496821
493961993
410834937
611364826
657439475
120921267
587448133
690846078
202265380
356040218
951113172
344333076
91179946
291290507
834700973
141002116
283662665
168332215
264500335
107316063
881473256
4013007
869047219
214978938
174970726
874927896
356498380
533666759
648815249
258251414
983265986
858301923
639829389
89915064
471333593
163858466
126842347
762047914
651790284
563630651
788887074
263324398
881402732
728465845
298171311
85539602
384966190
385529039
1838835
166357070
104938990
370007911
24939582
46013834
67233407
139697340
588036611
924613291
687080255
603565255
26634054
903435440
637986155
379763991
674249855
884798900
584693285
597855433
316505409
500560203
309502305
260974392
926009755
61582258
678278913
477187662
589842709
327038124
774179816
842292411
727785464
730120311
298035779
339040618
271146239
893228389
251497952
789518848
937236886
278027443
875020297
88366657
978993026
344389616
176380854
781917397
640446762
955408863
550282905
114687850
534888279
887006938
375135681
305360090
445893666
830008632
706799117
314200477
231766151
42869467
319178856
777657022
844866951
175973123
298085944
130585293
796561423
176934537
750757308
819821979
603634191
23735941
164191689
530301838
99151191
761870886
39910633
922643487
846671784
787599538
673402124
471034223
648069049
135830304
560938830
115154673
536997908
933742269
54864009
601801956
345312602
2117013
389498231
339876052
555672060
18029898
843824429
593525967
206461988
958955898
190006496
596963876
979881427
765341951
721090500
97242625
374450278
365365035
76085459
965534045
891194470
908278180
301441424
598991377
111739599
409114339
458918016
306999311
645433174
305034187
129458497
79807670
331796856
439933243
712228919
780540458
613223774
905718225
76687825
134572538
594635176
407433245
401124830
208920159
785786540
639760533
741439614
683562756
185546358
42369607
727463864
845806726
891078975
22450516
757341632
888482000
414735509
455576694
111677093
171769482
286698326
783957486
92829532
855280592
494079754
101730883
451929746
701762628
370103212
888856999
126840274
698167661
69729346
378677011
161968809
189189489
724686155
599530005
428012979
37717000
436965227
629685593
572068894
790352931
761918467
993079269
768390227
602451419
735997595
957836847
754519512
998947312
639635996
546916120
790233519
302443441
614163984
51553726
171069377
454143475
213353489
418817840
693208493
137166925
277501730
310515162
320861952
76681316
209917488
438209895
952340184
353745876
707894838
612711781
102946510
280069499
449414241
960920333
564412585
946491849
985878164
449651564
800272247
197762003
358758011
95802121
424745685
406234920
991088613
651248220
785714174
932233358
449843732
388451146
161135437
134999328
167958983
593933385
96447965
842655084
710146627
712699999
75163445
758653802
3644882
321783256
619838435
382596358
920665087
291472792
271928872
557395873
796579346
638351297
484397162
244817552
207333751
682037732
108014035
778642
507460924
26962971
251943474
544276591
654310197
503142865
293974583
374475291
766844700
122621989
705791078
250556831
599131751
781904853
462964184
431425830
262545718
523846334
