504847032
623296150
690842768
112646224
709165929
142946720
15243341
696703569
151953412
341901716
372705228
558857044
55338930
433479033
951666335
273435041
146655855
279653514
625305183
696883979
290525897
77815490
479411068
767548073
582443248
255634471
999261482
562538732
994612545
700548366
507898053
483354329
654898611
562521823
212496790
791124002
712758423
66107307
431708514
837758
741804767
79559556
888626194
800400788
147191135
772358167
598475903
186680749
673031887
31136961
