50
41 26 50 72 328076337
20 26 1 24 60784956
30 32 21 3 87522453
49 27 34 55 674007306
23 42 23 2 136953169
42 16 2 4 89220168
1 28 46 48 36366592
35 22 18 26 655201555
26 15 39 24 614257085
43 47 13 18 573620441
19 2 35 28 53262669
6 36 35 47 144479820
6 8 1 9 918436260
43 36 34 63 966370070
39 40 37 4 739716437
22 22 34 42 911162048
27 6 50 26 600443847
19 17 33 4 378801573
6 9 33 14 215179410
46 2 46 1 988583163
18 18 6 22 106443694
43 28 18 8 899630012
16 4 19 19 898389414
18 35 34 13 334287539
7 8 48 18 608187164
9 37 16 47 291998364
32 26 34 27 874496880
30 31 10 12 106784957
25 12 13 18 191142379
30 12 15 20 735683111
4 21 21 40 323664561
35 14 50 39 119069818
15 32 46 12 747934169
27 28 50 70 76044475
7 10 38 5 631326053
19 50 16 61 730890011
29 39 33 6 497446943
46 36 7 40 502142135
27 10 19 27 579504308
38 1 38 16 47151987
14 47 50 17 611939967
5 21 17 14 821217605
29 1 46 35 699324801
39 8 37 10 65730852
25 23 14 14 837785946
25 33 49 20 952004520
37 27 20 4 664702228
37 40 2 3 945718111
7 33 14 23 455021394
15 42 3 18 30753435
