10
453 3 37 59
29 83 39 33
29 69 5 90
30 87 69 91
836 7 48 20
35 20 84 12
46 60 69 62
83 63 52 96
10 47 13 79
47 30 31 20
33 16 41 73
48 73 71 83
421 9 9 94
93 2 39 5
3 38 7 20
74 49 2 31
46 98 25 17
30 49 75 49
34 12 55 56
9 57 8 87
6 16 10 86
50 32 47 93
758 3 90 17
79 65 20 22
77 71 21 21
100 63 88 5
200 8 13 26
32 34 87 95
5 88 31 55
20 61 39 34
61 37 98 42
58 50 51 18
15 84 9 61
63 54 90 50
31 93 42 3
789 8 61 12
64 23 35 21
98 98 24 98
98 38 69 10
91 26 85 78
76 55 15 43
70 52 72 63
95 28 88 99
32 39 90 53
929 1 19 1
96 99 49 32
715 4 28 97
38 35 18 74
68 77 30 26
57 78 38 61
56 7 91 55
197 4 5 78
78 33 62 5
70 44 3 29
30 22 94 43
43 74 86 22
136 10 64 71
8 36 98 42
46 94 49 42
1 67 46 92
54 64 73 72
100 65 50 24
22 69 9 81
30 27 32 83
90 82 85 29
23 85 33 49
62 27 79 57
