153902 434498
389796 305644
549630 123394
901610 138038
357386 454220
74195 198604
108230 384188
630403 368522
628859 193386
53191.5 188157
531122 487843
499894 166761
273658 182056
496814 124298
221626 465421
169629 491478
78670.5 443
199374 203884
172964 258722
109076 312494
445955 307715
771280 45775.5
778084 369914
295756 170546
714739 453461
456863 48420.5
509922 349297
406462 180196
472952 378828
254341 353174
309132 178630
365246 306047
648650 41069
570938 7090
421756 100324
233074 274992
250662 246048
729824 139506
415756 98415
194893 299809
417876 206373
313494 47774.5
794036 248950
812068 491957
380756 159268
557851 474481
658422 170897
252961 7135
591527 445256
42937 243982
223460 215809
691165 426626
168000 422210
787302 88827
739576 338846
113890 142081
484760 305128
645268 160934
397150 164220
128603 435643
401578 328374
396891 279222
280196 352407
918484 89001
247513 496093
209634 432184
255470 172265
566508 220561
644658 216579
719782 258734
524220 421362
236001 394484
813146 484053
326134 197193
490088 9510
713694 354800
756909 191194
527246 205938
56277.5 406170
476672 495321
308552 475549
222485 62663.5
282276 441468
695851 292348
86372.5 462308
245856 290193
309016 434436
58618.5 183814
81054 473788
165739 210404
683099 87479
907895 433389
169106 269178
424964 463608
473741 347501
546582 175128
567306 378671
363500 146748
330624 183569
786568 480240
724183 279143
268116 259815
246366 74917.5
392915 466680
189677 115942
330962 306742
208614 393880
560510 68552
509619 294871
683168 495360
441570 165338
746994 280358
459078 161256
845441 491326
252073 337444
520939 403742
759784 496766
617196 50952
674246 8290
821306 342570
646566 22370.5
429908 151524
168658 405242
540031 310882
13694.5 332048
298612 74420.5
601784 213125
120978 126833
634814 220469
509698 177602
433032 478473
515352 418576
119966 257727
706060 70843.5
256492 340957
804748 425833
859477 390390
484310 386682
350768 483265
590820 475008
569587 357270
350633 311744
579016 360608
340504 423298
480589 491139
191868 401574
415803 74699.5
263224 249104
645720 233916
516974 295603
593730 18557.5
233116 183326
207706 199608
270573 456296
528015 38796.5
420432 262808
182311 219102
411122 120805
823510 94748.5
324116 119578
455340 372896
596683 333174
441642 177167
398326 162600
363872 118494
670047 385806
809875 390368
229474 280747
318336 443626
757254 104092
885752 253508
234030 249142
360369 160914
788194 91258.5
200382 221648
832161 301398
246310 232084
405944 104757
556554 152168
299411 124588
568221 317618
635896 491640
258786 346334
889039 323130
196733 394677
335156 341594
439618 184868
293650 401774
261406 113118
100628 430002
356728 213827
616750 95664.5
412290 166866
774490 362773
537258 87812
397256 218652
723049 157452
436010 294580
112826 168958
477035 466036
393010 48082.5
303912 184958
852048 125802
292888 31530.5
686400 493402
394996 491240
294139 84621
585424 247452
677022 342665
449062 280606
650196 427688
399406 117878
239638 342819
421503 448844
184988 259084
585478 426390
92053 292360
309248 300034
305244 351189
508146 317118
717218 385998
378738 13482.5
614391 53410
698574 430823
335500 8494.5
729390 374237
265151 4878.5
271264 316048
744071 360502
233032 307197
254956 122170
430978 111678
476920 460680
413011 53155
451036 162456
523044 40161
744126 193864
241608 208186
509228 72401
288708 403704
91512.5 466348
593651 462551
766862 252014
724406 193907
294249 237076
394654 140602
63724 89054.5
127808 391144
196876 88727.5
300084 291172
932486 315596
542355 47996.5
416159 260032
470850 246938
606587 197713
166758 120852
233242 390591
776488 11809.5
618784 316908
144476 166389
270962 383801
133712 91313
116122 158780
114790 46882.5
190770 325128
467442 155971
249874 337750
16522.5 306152
188152 285716
202073 107019
34293 415588
479517 435950
501832 388829
639295 26241.5
480870 300270
214425 447989
508939 368178
658320 391718
511728 426100
306034 60056
49191.5 342932
574189 332150
551306 92058
355770 140864
226947 225508
212146 301878
625998 490827
451746 199297
215878 422746
372021 494434
170154 80751
338052 81849.5
553820 89043.5
482785 244760
596427 370412
356412 291124
586818 421046
41120 339750
495810 369740
199014 38558
784639 469574
492407 62024
104812 26386.5
429298 235138
267312 230872
277404 313858
337934 190262
581635 486438
714634 335928
466728 181183
345833 82261
802198 140270
302266 187361
314116 331944
188535 214884
247802 61689
274964 174238
206344 317886
60089.5 175578
568452 428237
573632 70295.5
604623 198857
274008 137596
615447 491906
279934 6549
142017 68288.5
311178 210072
590784 369299
372466 143893
239304 387244
441235 412438
635444 430872
102543 4571
324252 176274
258903 181118
257456 249976
629413 213058
476645 260628
489708 379122
498200 162646
238157 50557.5
621576 366942
528182 268420
679233 442356
478120 237044
352647 351016
364606 104138
307550 186998
227496 401134
552984 438473
182336 469078
479860 321421
273264 452534
308437 14.5
184474 455766
230364 342692
814025 229080
236422 83178.5
849127 32463
387584 220827
548900 293690
984533 163490
268376 277451
242268 123791
137644 153312
453177 30780.5
321765 280700
156370 357954
247992 281345
758047 188173
439918 482908
433781 232458
506424 45590.5
872850 448902
201168 401098
259200 122872
787440 481592
128931 81394
348091 109278
672312 224553
397870 365692
230976 1775
649242 212398
313198 208272
235691 247586
600692 269758
292688 392005
568066 85232
815275 448970
614733 257504
642423 231664
365100 181490
736028 270475
814418 276068
281397 322061
298510 78118
452412 75020
42941 335291
268234 491413
76162.5 308380
260739 490716
496324 263154
334966 374502
173960 112176
252802 183254
421731 488834
248854 426316
311994 460940
792970 190453
609372 482308
743102 302883
823672 292398
829048 194452
416724 479618
537339 356169
334360 88042.5
239414 444998
254426 319038
225926 295398
193175 339398
508708 192189
559570 359965
605368 266039
875578 439063
755217 155104
221536 252577
322704 51422.5
236256 126662
399152 329937
714996 394486
534478 145040
670361 314140
110985 164939
215652 346468
513522 196374
547820 414264
266414 247150
155774 363169
298275 481440
577304 50591.5
427132 294756
335502 33169
396460 58228
525228 322561
226305 47610
238609 347720
351460 327287
291374 189483
813136 236995
806360 39749
450058 437142
462602 121365
105692 452381
352488 196230
787888 50151
628846 427424
113600 64275.5
222350 286654
171118 204872
382156 423392
183194 78525
262328 73487
354237 222418
438980 190256
182227 339822
379404 367490
298098 429348
574132 288898
455252 292958
441528 197494
267284 278571
257124 105474
503548 453194
912374 138137
309120 224688
977816 18631
672394 125865
325290 131852
733468 226077
336976 145533
351728 446322
364162 323764
227835 399222
649317 366903
346350 197564
320038 441355
271524 25702
294246 14880
769566 211896
305598 63445.5
554118 492921
456698 337024
188206 169240
614930 211990
117732 155526
903327 356024
434049 180975
465073 301550
431902 23001.5
543248 380109
453754 344895
234804 179578
265026 5985
243185 35484.5
358050 406215
458738 342863
298692 380412
359360 144728
568597 25840
585635 249824
710926 220388
585383 125682
429422 63995.5
644793 418200
545292 329728
489488 237966
662108 100621
852452 443396
331870 39347
223885 342194
506788 431734
232684 42713.5
913676 270330
126042 300179
524722 86071.5
235624 299887
117580 297649
318026 18509.5
686396 5843
65444.5 299003
509142 19922.5
442346 271672
483949 492008
348594 186912
213313 150048
234091 45806
320874 475224
677117 318716
553318 221012
259858 224300
483105 336584
675506 261898
668704 400452
251228 58065.5
90104.5 169292
886828 305682
801904 221554
255333 17529
230872 153356
203160 152028
350478 372092
524033 3458.5
317754 330666
609400 140395
230206 474650
386172 177679
674854 49368
361552 145543
318596 484714
558651 89075
787954 499454
152908 235774
87687 327884
229853 25966.5
478382 258759
625354 192662
177726 373482
468750 276443
235645 220262
321622 184125
256076 408687
255966 214178
390276 137026
335376 319505
116362 77857
291742 339550
614316 168440
270878 286084
627963 468184
376112 126274
240498 154204
594048 440418
462874 488377
317215 128744
503567 260092
592783 115246
352890 113709
808415 63025.5
541430 108738
81538 493738
427976 307100
157916 48276.5
412347 211220
904719 381988
688356 86549.5
291716 341838
840156 98692.5
747009 472419
860952 239461
665922 136432
602801 347456
336825 23046.5
258058 393732
352864 338364
457114 434622
693622 260366
752726 155143
302690 303747
105852 234086
251210 430694
591081 261671
300036 139395
48289 20637
298715 377423
621936 354849
574472 213008
532832 325320
552094 63673
112463 232914
247193 199960
459404 216723
790314 332128
488779 352629
657746 247620
522666 399090
414578 151764
598464 347480
634702 343108
209909 352890
306218 132640
302690 318788
205142 16970
542759 250230
36728.5 428652
141517 132426
400935 70699
81202 487486
770258 296107
68989 58484
310149 8702.5
185704 319282
333936 268244
587627 253162
253244 278319
629312 253842
101720 18230
270722 42665
534004 168820
634362 202190
796554 133869
207154 421990
783688 25102.5
247422 49861
337136 90720
643222 411650
254658 411742
298024 259111
492796 43061
557362 123053
564060 351977
153161 362473
54578 489681
563534 492396
585524 137199
682686 352744
321078 29631
280116 480385
359770 450668
600786 236586
654529 154802
724052 214016
909870 491688
655634 14236.5
477548 34825
721772 331772
296292 175274
395256 325382
882792 324764
670062 358590
663960 129050
309600 28191.5
253041 236180
220564 278117
232518 445689
710576 104144
391816 148780
341001 249516
206730 439990
146587 246912
435894 51511.5
635923 222116
195928 104849
585792 205742
155576 259016
475718 418221
422776 36101.5
165672 142289
271622 475344
594310 485935
503034 152472
97267 146110
386957 180863
388840 264773
571630 395723
97037 383067
858262 300402
417950 81176.5
380340 50774
841979 292134
415986 422023
294974 53138.5
865488 230025
244430 447037
416990 224116
683358 265128
341050 432392
103138 116513
316904 83359
159354 14745
508111 415760
298200 337914
874368 19676
798104 49544
267668 391436
691272 62544.5
298853 481089
242364 183172
458421 327436
166486 389222
522882 112646
473265 150176
200087 147924
687098 44928
258108 364138
208302 1276
39988 339410
103131 178943
571174 101050
361164 172856
471946 428322
738478 47644
130948 83963
308514 25479.5
508898 335582
197318 480212
81924.5 482672
332156 33532.5
295594 7480
852018 487875
248060 247638
189974 460706
385961 223167
315042 296522
369708 488490
287733 190508
290792 481474
217248 326123
188552 165804
171304 344306
582182 250851
629180 498084
406890 252532
298595 403946
237918 255426
634547 171114
574310 152282
554592 296520
197704 24593
688670 195728
659406 240956
190194 330422
461851 11772.5
730137 127146
633533 460196
202638 104683
168965 24466.5
278868 460394
322160 204176
175329 263292
258780 125616
784141 296964
663261 496219
811384 204722
722448 460821
306194 269356
207520 320838
517722 354914
330182 197708
571210 15025.5
409914 151172
176462 115176
237519 163296
732432 306240
95496 189780
329930 343869
246222 181445
95866.5 112966
559450 193128
220782 204701
537868 343410
590667 108390
510630 88235.5
804088 36546
99697.5 96818.5
104796 487424
515662 54872
485371 81803.5
394252 286789
760688 374006
284538 364922
362677 401505
418484 264368
130682 224259
286979 485900
202658 268287
351324 82601.5
100249 24208.5
178710 189846
215366 293575
902414 334068
88177 237026
912554 101274
542540 106459
951513 58822.5
309882 406320
268451 234646
710286 499773
393676 298316
208018 339754
757666 328790
667718 125186
393108 79154.5
147551 37109
448022 35595
379935 429607
371225 448394
271119 405004
322632 139416
433233 438420
618678 176022
343825 475319
409286 495992
141898 2411.5
608264 235186
445376 422042
271688 347616
122590 352686
189932 203286
219304 363789
253256 369596
695484 312948
630335 430874
210607 82823.5
475282 133430
287766 125167
325285 238881
436640 209219
261526 277779
349925 259228
384463 493320
548318 308844
88173 347338
443524 429782
326852 109636
199670 422496
232690 297968
689758 442623
665940 277816
209339 426612
215370 101959
216828 463526
337296 2984
268764 216326
494776 364140
160815 181611
637479 332606
232100 439268
385338 337931
29073 248232
296563 275786
496904 64715.5
98871.5 153441
110314 5540.5
395598 445662
383162 107237
365890 131783
287496 258182
415354 195653
341346 480151
404708 112728
867724 103055
246706 243624
554805 156302
889912 254520
219864 164266
203455 308036
346756 241974
260008 408703
301524 344217
359181 475128
853390 161570
303124 367072
327506 94615.5
183526 76879
565428 436178
449978 337773
495160 388796
933078 12163.5
364356 62159
559892 28839
814320 204342
287618 395208
505316 13053.5
755218 321596
372126 266496
351942 213170
221663 51573.5
296440 298068
765029 148304
827824 340610
513082 487715
588690 192672
159304 457283
185122 196026
262698 405244
471871 23732.5
256377 101351
927473 154600
559378 334009
139022 241970
516589 369961
231128 379555
251674 137824
243748 239382
595762 35636.5
155378 446415
265477 325842
684474 62715
273540 411020
583480 207444
613942 222652
554568 160984
353314 434002
647190 296583
210740 70322
158239 279892
630057 396638
327316 213958
298400 304448
241396 316410
470086 90457.5
295084 130656
824705 371501
444440 44805
581938 346594
182346 423936
133971 316914
915460 385058
454286 24790.5
153718 328298
110622 37549
394738 280682
203295 179074
471016 128728
879110 127198
459645 210122
627775 82092.5
188126 327126
410114 249763
275766 35550.5
283672 133757
284819 25210
353256 370894
696858 121165
503694 314428
723357 21006.5
666638 37144.5
212249 243128
408840 127442
533139 236358
250268 144465
375306 200394
865128 18449
204982 244660
371583 423830
716322 402556
292356 362948
206496 138272
445960 355410
338212 297330
338249 50505
251150 152484
278338 383950
190233 423977
445488 417644
562832 492151
427172 357619
150740 96141.5
188154 51196.5
138904 214371
