475238.00 387293.50
692724.50 393396.50
336968.00 33967.00
657454.50 337936.50
261211.00 293835.00
211566.00 307667.50
850621.00 426303.50
244446.50 33441.00
181677.00 210121.00
761234.50 187733.50
296335.00 387550.50
551099.50 86347.00
332641.00 441537.50
444723.00 16655.00
601683.00 220507.50
174834.50 108546.00
386750.00 279454.00
294256.00 108944.00
768225.00 244112.50
338329.00 106140.00
291911.50 77368.00
611058.50 121715.50
418694.00 48955.50
454875.00 340281.50
906431.50 157189.50
667019.50 2148.00
321065.00 310153.00
297332.00 151285.00
346423.50 68479.00
109642.50 180237.50
85475.50 434888.00
515512.00 203371.50
165442.50 395437.50
219327.50 303229.00
844996.50 248331.00
698787.50 40930.00
371668.00 246870.50
660356.50 34280.00
228892.00 452951.00
825701.00 454829.00
647533.50 243999.50
485245.50 449837.00
639772.00 433217.00
230117.50 119325.00
655692.00 41168.00
805954.50 419253.50
588416.50 120303.50
844636.00 181948.00
470517.00 454955.50
279364.50 199790.00
868834.00 280768.50
494696.00 17082.50
789176.00 46799.50
610512.50 418875.50
533580.00 215416.00
369429.50 109962.00
799210.50 104662.50
337087.00 267846.50
545860.00 492623.50
467209.00 363824.00
370489.00 303510.50
572043.00 262923.00
286682.50 445432.50
424182.00 4653.50
448526.50 243815.00
769018.50 411248.00
218837.50 64235.00
226225.00 449646.00
709038.50 101762.00
115762.50 473533.00
903212.00 36141.00
630920.50 275408.50
257256.50 157525.50
72012.50 357533.00
162602.00 11108.50
235994.00 159419.50
494604.50 221720.50
134871.50 334667.00
319145.00 180207.50
568412.00 471473.00
206425.00 408254.00
289520.50 29495.00
250243.50 352278.50
265034.00 423404.00
332163.00 419924.00
364298.00 57253.50
703612.00 445355.50
470145.00 205244.50
293973.50 346591.50
238643.00 120195.50
98801.50 148057.00
519465.50 475510.50
158368.00 381831.50
650583.50 312452.50
643312.50 30203.50
285486.00 278899.00
115107.50 486140.00
231147.50 457985.50
801048.50 402257.00
630031.50 162541.50
348580.50 228723.50
675784.50 395120.00
275269.50 178964.50
694292.00 495958.00
777257.00 461810.00
36999.50 345805.00
226172.50 49186.50
61621.50 310028.00
594724.50 204820.00
330266.50 171946.00
328456.00 441055.50
650228.50 178578.50
871308.50 155833.50
207444.00 241451.00
170755.50 100660.00
678650.50 411559.50
478837.50 231404.00
504211.00 263725.00
672399.50 213767.50
183080.50 186298.50
810918.50 301513.50
478697.00 465646.00
683604.50 154206.50
285092.00 249027.00
537027.00 78911.50
552549.00 415888.50
574630.50 55208.50
558771.50 224836.00
274172.00 399108.50
152638.00 222107.00
334130.50 114549.50
795273.50 63335.50
355165.50 463584.50
704641.00 252438.00
405272.00 167677.00
562389.00 429288.50
238933.00 141252.50
432448.00 352756.50
471511.50 373828.50
226731.00 167464.00
147930.00 405609.50
292197.50 45672.50
829387.00 249880.00
482006.00 190417.50
683300.00 108735.50
748104.00 105495.00
236320.50 92255.00
351879.00 42244.00
191671.00 493715.00
719388.50 385908.00
651438.50 437825.50
446221.50 176452.50
612550.50 341964.00
253294.00 88566.50
461360.00 407111.00
290902.50 151037.50
380076.00 219882.00
553597.00 185205.00
239424.00 13667.00
461728.50 120728.50
260414.50 228496.00
861516.00 209696.00
209793.50 127664.00
675515.50 462336.00
58339.50 207975.00
279892.50 48609.50
318632.00 413528.00
180897.00 443984.00
434980.00 492733.50
60375.00 191781.00
370396.00 466767.00
433604.50 465125.00
212932.50 490703.00
578519.50 51558.00
607029.00 79931.50
522640.50 200910.50
489977.00 19991.00
402329.50 387603.00
719320.00 87815.50
729004.00 114343.00
336342.00 127622.00
25675.50 307302.00
828891.00 88011.50
803136.00 311715.50
267665.00 325156.00
179255.50 35444.50
704761.00 109970.50
189376.50 10440.00
918180.00 438410.00
93787.00 165724.50
336682.00 54935.00
286367.00 92714.50
144491.50 488759.00
460524.50 370732.50
206365.00 217323.50
242236.00 478330.50
837219.00 460539.00
45810.50 77478.00
561478.50 289482.50
753807.50 331111.00
357676.50 168672.00
248463.00 252581.00
682898.00 64315.00
653285.50 336401.00
574447.50 136750.00
729251.00 287116.50
575899.50 4764.00
215873.00 309683.50
401324.50 89477.50
674048.00 190138.50
282503.50 467832.50
323090.00 324710.50
526949.50 68073.50
157358.50 27758.00
383914.50 31831.50
169655.50 147273.50
389802.50 167704.50
702781.00 203095.50
406316.50 22062.50
764385.50 321191.00
429051.00 24382.50
732723.50 428395.50
353306.50 125945.00
229511.00 122142.00
718483.50 29544.00
174655.50 81825.50
338834.50 240966.00
270376.00 483856.00
184137.50 387973.50
332613.50 242802.00
316537.00 395803.50
149380.00 257475.00
388098.00 96748.50
229977.00 461588.00
351127.50 204746.00
526903.50 204796.50
178058.50 23385.00
137928.50 148923.00
176417.50 407446.00
469378.50 130256.50
260586.50 23844.00
303582.50 39690.00
295956.00 277033.00
410173.50 303946.00
694317.00 148188.00
144356.00 341590.50
307067.50 31426.50
369429.50 401753.00
128378.50 139313.50
818829.00 24347.00
636348.00 136220.50
712793.00 257492.50
337184.00 316558.50
365963.50 197539.50
849324.50 22578.00
100817.50 79393.50
393471.00 449812.00
607955.50 132975.50
466446.50 354564.00
151354.00 18903.00
220763.50 368795.00
320904.00 58219.50
909971.00 102827.50
139692.00 99368.00
245591.00 9428.50
278782.00 37755.00
376995.00 405497.00
691989.50 136038.50
716467.00 120127.50
650733.50 39737.50
352072.00 266949.00
480499.50 83783.00
611704.50 29929.00
794065.00 140596.00
564342.00 477907.00
620855.00 431873.50
326974.50 344086.00
887830.50 20499.50
319333.50 346515.00
920603.50 219621.50
332300.50 422343.00
167916.50 90900.00
114597.50 499137.50
798886.50 221789.50
125828.50 198220.50
600715.00 451008.50
517253.00 334074.50
642123.00 280878.50
472928.00 440748.50
468963.50 168248.50
434177.00 224105.00
207858.00 493466.00
306223.50 292727.00
496524.00 466540.00
846529.00 114272.50
279223.00 261705.00
489757.00 188417.50
114085.00 316258.00
448191.00 281266.00
616192.00 203569.00
288813.00 381080.00
144903.00 80748.50
128077.00 144533.50
293634.50 102364.00
193542.00 353012.00
387363.50 374385.00
476870.00 98356.50
346686.00 385364.00
427790.00 239556.00
458384.50 23799.50
497910.50 215891.50
721887.00 480000.00
597307.50 165201.00
625264.50 28808.00
773317.00 50787.00
172911.00 429358.00
338465.50 115530.50
546921.00 443378.00
352192.50 468308.00
337562.50 114717.00
537039.50 325381.50
125536.00 308055.00
772012.50 72555.00
21899.50 411609.50
411939.00 291758.50
285607.00 343626.00
254613.00 70741.50
431144.50 177874.50
538075.00 481283.00
697551.50 20410.00
163077.50 240647.50
274453.00 281252.50
612101.00 481148.50
697332.50 484870.00
338980.50 152956.00
237674.50 96595.50
762752.50 190173.50
187419.50 32046.50
476160.50 23931.00
596054.00 389030.50
445439.50 183849.50
265441.50 107927.00
229622.50 399439.50
41544.00 481764.00
330353.00 383709.50
389784.00 414238.00
525477.00 260884.50
221377.50 39179.50
167828.50 192500.50
69634.00 447332.50
416557.50 418392.50
272428.50 431062.50
374847.00 293397.00
368137.00 336127.50
348121.00 229039.50
317293.00 5716.00
187103.50 26135.00
636410.00 361037.50
472371.50 188298.00
191983.50 5552.50
298807.00 75034.00
105289.00 137391.00
723796.50 490228.00
252851.00 114693.00
647543.00 495657.00
624354.50 44251.50
390348.50 115248.50
410698.00 156997.50
307666.00 201546.00
442105.00 272824.00
509167.00 18039.00
156000.00 379216.50
470904.00 206107.00
493760.50 414502.00
205840.00 227990.50
249332.50 288457.00
177963.00 10140.50
510996.00 412101.50
751120.50 33519.50
318308.50 83247.50
146643.00 250441.50
353662.00 453495.00
525692.00 381646.50
550140.50 328292.50
78950.50 129560.50
326983.50 30843.00
283639.50 296031.50
238443.00 451261.00
508812.50 357569.50
263122.00 219607.00
330620.00 284750.00
266949.50 144385.00
410704.00 194078.50
341960.00 165883.50
261245.00 174492.50
140651.00 231914.50
186215.00 366049.50
355033.50 224850.00
204571.50 448961.00
446684.50 498105.50
656443.00 145107.00
271186.50 166181.00
495990.50 198720.00
76286.00 190655.00
384924.00 72840.00
529471.00 73266.00
136257.50 238566.00
584767.00 337057.00
244704.00 280840.00
504571.50 361611.50
446312.00 162619.00
636515.50 192479.50
381722.50 162865.00
555229.00 455422.00
421015.50 398442.50
231923.50 379663.50
291380.00 429928.00
651291.00 361619.50
484037.50 125999.00
418855.50 80637.00
215315.00 445140.00
415609.50 20610.50
759194.50 193257.50
114381.00 173511.50
631306.00 369080.50
461917.50 454457.00
300994.00 177907.00
135158.00 147305.00
391762.00 345677.00
322728.00 480159.50
636366.00 32507.00
159444.00 164177.50
262880.00 299529.00
573928.00 137280.50
485913.50 109912.00
249508.00 306615.00
589174.00 284304.00
487155.00 56073.00
270044.00 200803.50
117140.50 257511.50
419889.00 345985.00
477380.00 112490.50
259035.00 282212.00
410453.00 1662.50
239970.00 484440.50
730336.00 387164.50
528242.50 89497.50
180464.50 21367.50
196891.00 302570.50
230434.50 317281.50
339120.00 404313.50
838593.00 8806.50
586265.00 151371.00
221932.00 41616.50
129092.00 353055.00
532764.50 196590.50
597720.00 43033.00
577563.00 328465.00
676924.00 442016.00
474585.00 3891.00
614431.00 236073.50
763143.50 429247.00
506444.00 247589.00
561630.00 248804.50
179589.00 70174.50
482320.00 321610.50
394545.50 326079.50
508232.00 109710.00
41403.00 244927.00
536281.50 432534.50
432032.00 188219.50
576544.50 116144.00
392617.00 86973.50
316940.50 366569.00
218456.50 231120.50
572557.00 406893.00
303907.00 297403.00
353138.00 233972.00
231659.00 12495.50
687056.00 419193.00
629357.00 304049.50
569963.50 296851.00
368403.00 180932.00
281816.50 349488.50
587323.00 360488.50
518902.50 66987.00
601889.50 165575.50
316789.00 215638.00
428931.00 287464.50
474637.00 339422.00
680939.50 117226.50
322863.00 131479.00
407500.50 53251.00
171868.50 388307.50
283218.50 127278.00
387272.50 356688.00
706571.50 398149.00
532705.00 77740.00
166644.50 263347.50
137048.00 199898.50
444036.00 61752.00
225088.50 53479.50
930476.00 291225.00
319723.00 361962.50
415436.50 148612.50
293457.50 124119.50
296871.00 211729.00
328784.50 208844.00
670409.00 349436.00
443820.50 162353.00
718316.00 308612.00
489646.00 108614.50
865153.00 101035.50
634946.00 224983.00
730637.00 346298.00
383343.50 67293.00
679748.50 213130.50
383533.50 465739.00
73398.00 282580.00
533322.00 467470.00
122772.50 343480.00
406891.00 302363.50
691463.00 475600.50
368455.50 174617.00
420526.50 287721.50
531403.50 442192.00
285339.50 11068.00
545929.50 134323.50
325282.50 406049.50
303562.50 89594.50
488729.00 126680.50
478434.00 95412.00
223239.00 49268.50
441874.50 37652.00
296143.00 422524.00
187542.00 110674.00
673058.50 242573.00
708141.00 13598.50
548239.00 407122.50
299952.00 14405.00
605950.00 14151.00
194292.50 214972.50
637369.50 483660.00
885084.50 421249.00
155269.00 269074.50
512400.50 115259.50
221389.00 27096.00
564243.50 234067.50
390743.50 185561.00
578301.50 422332.00
584317.00 170027.00
169643.00 30302.00
103908.00 305520.50
207662.00 487635.50
369006.00 493088.00
344952.00 125952.00
168178.50 312067.00
190269.50 337029.50
748162.50 76987.00
464090.50 437989.00
448757.00 25982.50
367028.00 467648.00
705791.00 100221.00
388015.00 247498.50
301346.50 188956.50
480518.50 105295.00
696359.00 365364.50
369035.50 453562.00
565940.00 158013.50
352594.50 369489.50
109676.50 118747.50
737146.50 178114.50
655001.50 262562.50
440829.00 113927.50
451874.50 153459.00
721594.50 166583.50
623106.50 10384.50
211285.00 486486.50
663186.00 312604.50
325597.00 432476.50
322952.00 26609.50
384609.50 281383.50
435818.50 210747.50
784722.00 394751.00
34423.00 62853.50
437899.00 224495.50
180062.00 489276.50
233344.00 443791.50
356648.50 166894.50
314489.00 235572.50
370529.50 104166.00
772584.00 298658.50
180284.50 44874.00
286280.50 443033.00
130585.50 256986.00
376066.50 159338.00
198157.00 29912.00
262608.50 475897.00
353674.00 209030.50
299727.00 387326.00
420657.00 138450.00
155915.50 81149.50
194692.50 409891.00
136626.50 129061.50
637166.00 352588.50
189434.00 250283.50
955309.50 472377.50
194906.50 45608.00
526317.50 456461.50
922929.00 17542.00
229380.00 419503.00
338302.00 188953.50
367676.00 123629.00
767635.50 176102.00
400722.00 499299.00
603884.00 414250.00
611150.50 145450.50
145878.50 182177.00
535995.50 226397.00
243403.50 445006.00
417270.00 73575.50
266143.50 474448.50
285143.00 446283.50
429876.50 292130.50
224467.50 213198.50
346804.50 466474.00
672953.50 211294.50
323269.50 493925.00
326714.00 32086.50
398810.00 34809.00
314410.00 405771.00
575843.00 25246.50
744553.50 490737.00
334625.00 195781.50
265389.00 43970.50
423941.00 129716.00
664806.50 219653.50
280916.00 269809.50
182517.50 100319.50
735288.50 409469.00
357769.00 472977.00
516906.50 210345.50
205629.00 68705.00
65501.50 429860.00
137226.50 469912.50
265092.00 446338.00
857303.50 31562.50
388702.50 371036.00
175831.00 388759.50
379182.00 327483.00
470829.50 390387.50
227136.00 134697.50
325672.00 293037.50
122037.50 69867.50
130469.00 257317.50
353971.00 326763.00
655699.00 244678.00
316230.00 480532.50
956880.50 286428.50
130846.00 436276.50
468573.00 223061.00
278876.50 68905.00
560818.50 499055.50
243710.50 4249.50
205587.50 38444.00
430264.50 403786.50
446128.00 488168.00
786203.50 253067.00
283157.50 226469.00
637110.50 266869.00
875714.50 283736.50
359903.00 250048.50
408475.50 376150.50
861679.50 230748.00
672281.50 1877.00
402309.50 159449.50
313330.00 407980.50
428105.00 37208.50
186122.50 159993.00
392202.50 423270.00
390103.50 170874.50
817807.50 35018.00
778134.00 150399.00
308270.50 68230.50
651169.50 358380.00
187298.50 294518.00
166069.50 445231.00
861906.50 313373.00
289038.00 137653.50
606901.50 446324.50
325209.00 433838.50
525887.50 323257.00
250959.50 441661.00
134102.50 29930.50
554188.50 350490.50
779379.50 199961.50
867589.00 482130.00
441763.00 426988.00
810092.00 303955.50
88726.50 339500.50
589684.00 58669.00
486538.50 3372.50
346959.00 423660.50
502678.50 453859.00
186846.50 82892.50
410132.50 312638.00
304884.00 302545.00
337328.00 235123.00
581009.00 131227.50
200792.50 425380.50
363408.50 40851.00
555343.50 390338.50
135071.00 283388.50
209690.00 95872.00
94304.50 170548.00
456435.00 107620.50
491557.00 459783.50
261179.50 188620.00
249840.00 91151.50
788864.00 79559.00
621011.00 341991.00
211632.50 70463.00
335348.00 346407.50
375377.00 353310.00
425281.50 379277.00
481403.00 291151.00
448187.00 288893.50
165783.00 354634.50
229569.50 173538.00
328727.50 307736.00
204321.00 96729.00
441607.50 357362.00
579506.50 334832.00
93534.00 227327.00
549344.50 472354.00
304457.00 427334.00
219489.00 146729.00
298161.50 449435.50
150559.50 54225.50
399639.00 366854.00
180345.50 54525.50
291971.00 416268.00
550911.50 100595.00
120722.00 390896.00
537657.00 383042.50
283285.00 247583.00
572217.50 108490.00
753566.00 425548.00
693963.50 387376.50
394667.50 343303.00
508744.50 372887.00
226129.50 334471.50
177071.50 298519.50
343191.50 353262.50
537102.00 110186.50
379202.00 206744.50
369043.50 192263.50
307635.50 97461.00
745531.00 35147.50
311386.00 195213.50
824342.00 369042.50
175289.50 427892.50
90057.00 229125.50
727668.00 349397.50
554524.50 274211.50
285910.00 234098.00
285923.50 414566.50
531351.50 462347.00
421568.50 326874.50
883070.50 78726.50
218236.50 326581.50
307943.50 124965.00
566048.00 148321.00
458859.00 255421.00
113870.50 337160.50
96910.50 18406.00
356628.00 63093.00
382239.50 79711.50
707020.50 493809.50
148000.50 209115.50
210953.50 310757.00
829449.50 187972.50
627341.50 175234.50
273383.00 71062.50
702488.00 486895.50
268849.50 291095.50
320470.00 432232.00
382273.50 377096.50
696799.00 206798.50
498677.50 231013.00
825402.50 386778.50
46843.50 59489.00
790807.00 177037.50
185826.00 210373.50
678243.00 283423.50
479182.00 154046.50
891012.00 72692.50
337443.50 453929.00
117698.50 260102.00
179437.50 76263.00
623136.50 239314.00
843125.00 317661.00
545253.50 452621.00
679228.00 34340.00
296575.00 334590.00
459378.00 190532.50
686399.00 378749.00
273858.50 220509.00
488974.50 279172.00
274064.50 64900.50
593177.00 44985.50
829711.50 288360.00
80770.50 224821.50
263543.50 304132.00
577804.50 81002.50
222128.00 316856.50
285356.00 44613.50
893600.00 454682.50
396387.00 165983.50
498392.00 159843.00
317812.00 167275.00
252085.50 75057.00
672825.50 459031.00
248392.50 479881.50
302388.50 364335.00
867616.50 153991.00
185736.50 2895.50
220383.00 483741.50
617651.50 308634.00
120821.50 495851.00
588057.50 379832.00
638276.50 199891.00
442080.00 290040.50
87189.50 344726.00
343419.50 414639.50
332264.00 92547.00
417169.00 310805.50
348443.00 464516.00
228327.00 32363.00
742518.00 35343.00
579264.00 296532.50
605515.50 377269.00
618231.50 65912.50
108423.00 345461.00
307848.00 20046.50
379055.00 428847.00
612561.50 388719.00
533786.00 202453.00
238075.00 324730.50
521660.00 179712.00
588571.00 185416.00
310346.00 9117.50
357282.50 484050.50
277598.00 327421.00
365326.50 260935.50
492016.00 407105.00
324663.00 436272.50
369806.00 334981.50
139502.50 103325.50
656146.00 291762.50
153295.00 154320.00
363925.50 329005.50
174264.00 499359.00
724033.00 471772.00
413240.00 349147.50
804713.50 46124.00
418267.50 413425.50
307098.50 3681.50
232471.50 297760.00
564575.00 69848.00
591285.00 113464.50
534852.00 241494.00
221673.50 314853.50
405756.50 432160.00
116374.00 164346.00
385964.00 305987.00
517307.50 269577.00
220835.50 460188.00
766487.50 322097.00
341664.00 180034.00
636837.00 471888.00
539180.50 141250.00
119958.50 439062.50
440748.50 365728.00
356986.00 248667.00
61855.50 90640.00
745218.00 315104.00
328984.00 100156.00
493432.00 38953.00
412580.50 492997.50
361257.00 254052.00
333147.50 250964.50
245610.50 296389.00
609243.00 147860.00
100403.50 293502.00
393082.00 82462.50
73508.00 319041.50
778707.00 416665.50
278150.00 137191.50
160272.00 278380.00
192565.00 410079.00
239648.50 162106.00
472599.00 17778.50
731101.00 50126.50
622461.00 191310.00
326073.00 363851.00
247115.00 131913.00
590503.50 265073.00
578941.50 223519.50
118824.00 329349.00
205942.50 20772.00
625812.00 27852.50
303838.50 491840.50
879771.50 109975.50
593827.00 247984.50
199543.50 154535.50
700421.50 436620.50
898152.00 151168.00
846057.00 398333.50
382376.00 475246.50
171467.00 374904.50
598171.50 109536.50
237462.50 171930.50
710712.00 374827.50
507140.00 366088.00
780588.00 439214.00
747085.00 193019.50
332866.50 188370.50
222889.50 358284.50
571774.00 81777.00
90403.00 153580.00
227282.50 483772.50
703309.50 234461.00
483629.50 439776.00
419549.50 133491.50
321158.00 6917.50
928372.50 198434.00
119388.50 81777.50
261712.50 163845.50
742557.00 184509.50
273688.50 473118.50
328378.00 50444.50
507074.00 460692.00
95379.50 453877.50
363514.50 139977.00
366849.00 266975.00
71410.50 247583.50
280632.50 34774.50
133085.00 21541.00
364795.00 364391.50
419421.50 54925.50
692615.50 209871.00
618641.50 455116.50
325567.50 220769.00
636021.00 123480.00
157554.00 287514.00
236459.50 168436.50
559828.50 459267.00
271794.50 90200.50
134334.50 435873.50
555488.50 78062.50
579329.00 412171.50
183428.00 180150.00
515034.00 374634.50
683366.00 435401.00
602931.50 495941.50
686166.00 321349.50
206400.00 110059.00
567531.50 202023.50
230400.50 261088.50
146665.50 229939.50
277331.00 339871.00
168932.00 383151.50
547204.00 336825.00
302404.50 412945.50
102785.50 235137.50
533173.00 344905.00
115418.00 231655.50
638726.00 446515.00
343317.00 494673.50
438417.00 15050.00
343898.50 304394.00
233098.50 88929.00
414559.50 307419.50
470244.00 455163.00
74704.50 397463.00
344708.00 180010.50
396903.00 229417.00
318096.00 4950.50
545195.00 354987.50
462366.00 473577.50
694091.50 180607.00
54427.50 146424.00
387637.50 309354.00
354259.00 44031.50
233172.50 44034.50
525065.50 63480.00
112854.50 165542.00
581005.00 476631.50
348519.50 198773.00
