10
10
1 1 1
4
104
1004
10004
100004
1000004
10000004
100000004
1000000004
10000000004
10
1000000000000007 1000000000000007 1000000000000007
4
104
1004
10004
100004
1000004
10000004
100000004
1000000004
10000000004
10
1000000000000007 1 15795273
1023458479475312
8894334568511
905423378542771
4023458479475312
1512315003
1568841610
165168188148
326018647985
78985623625418
489623661
10
121681651685 11656414888 1579527344
1023458479475312
8894334568511
905423378542771
4023458479475312
1512315003
1568841610
165168188148
326018647985
78985623625418
489623661
10
1653734621 2021229206 2025087724
10247742653
11602945267
11243726165
11383170238
10182277189
10404143214
11747278697
10715218919
10753559519
11621361635
10
355094102 1523335545 1270856610
10199977609
11530271484
10507468848
11790221213
11195448276
11394337550
11122033298
11220721781
11071783964
11697878475
10
1850491068 464181567 1570056488
11626160279
11856872477
11076307462
11499905838
11734476553
11324050115
10955367457
10830719071
10559736706
11137644646
10
1234862285 159531755 1852863565
11988421804
11780893391
10060474020
11364273702
10904266353
10260451629
10747061538
11411735202
12050672842
11942509814
10
658589104 1025222492 1015747948
11730373068
10575617320
10718755368
10047070988
12145673808
10197432000
11903943465
11074497622
11697337838
11490936370
10
251064090 505221647 174171793
10810800796
11642866293
11409034078
10970332551
11348246211
11249972235
10603742294
11408720231
10466762289
11508008648