2
2
2
2
2
2
2
2
2
2
558518153
304624551
177464109
15283573
955587252
198151609
762152898
10433759
483544165
303280458
234537873
846940745
118998182
896534835
496539269
938855744
809861947
466403376
113844926
458619104
990022744
210341630
465865242
601498705
680259937
938034166
257063319
269391020
373357723
595906571
861907038
921701936
440759556
488535016
708625626
328400064
528359900
281322473
296897192
54411954
35923022
577560459
984427300
461539502
559949224
883465913
438378267
648668086
569521939
793939123
44563053
487870769
874001855
740352743
163261570
305615592
345385032
701386148
715235679
426968138
935357473
153750817
430353006
106930028
887349671
338587603
239889461
939049690
414357578
993343396
816927536
887314422
562945870
13784796
31629337
75772944
650389258
890593378
8185258
234405886
40542259
630868877
405601864
805679243
161787155
293701168
782492031
764597745
335613755
608994879
